max=2.599461, min=0.138130, w_dist1=0.145882, w_dist2=0.056120
 [0,0]=1.000000, 1.000000
 [0,1]=0.003991, 41.926534
 [0,2]=0.000178, 3.003703
 [0,3]=0.000029, 1.468973
 [0,4]=0.029181, 82.366632
 [0,5]=0.053344, 100.000000
 [0,6]=0.000206, 5.082706
 [0,7]=0.075539, 100.000000
 [0,8]=0.000054, 1.050242
 [0,9]=0.225914, 96.432730
 [0,10]=0.000228, 6.627475
 [0,11]=0.001302, 14.276936
 [0,12]=0.107769, 100.000000
 [0,13]=0.000531, 12.154312
 [0,14]=0.140256, 100.000000
 [0,15]=0.000105, 4.277724
 [0,16]=0.033363, 100.000000
 [0,17]=0.000210, 4.090144
 [0,18]=0.018615, 75.187346
 [0,19]=0.010009, 54.078625
 [0,20]=0.000090, 2.321080
 [0,21]=0.000117, 5.932468
 [0,22]=0.000032, 2.445462
 [0,23]=0.000283, 9.009064
 [0,24]=0.002544, 21.862984
 [0,25]=0.000031, 2.890905
 [0,26]=0.000084, 4.793219
 [0,27]=0.000173, 12.101335
 [0,28]=0.000063, 6.268106
 [0,29]=0.000112, 6.228111
 [0,30]=0.000011, 1.546092
 [0,31]=0.000147, 4.546305
 [0,32]=0.001589, 53.858291
 [0,33]=0.005518, 72.174106
 [0,34]=0.000672, 23.942446
 [0,35]=0.000801, 32.060809
 [0,36]=0.002559, 27.342808
 [0,37]=0.036904, 100.000000
 [0,38]=0.040221, 75.268317
 [0,39]=0.204602, 100.000000
 [0,40]=0.002621, 39.601528
 [1,0]=0.005301, 41.926534
 [1,1]=1.000000, 1.000000
 [1,2]=0.011223, 14.897950
 [1,3]=0.387454, 100.000000
 [1,4]=0.014468, 21.262577
 [1,5]=0.000803, 2.852521
 [1,6]=0.000060, 1.035286
 [1,7]=0.000134, 2.203742
 [1,8]=0.000013, 1.000000
 [1,9]=0.000019, 1.000000
 [1,10]=0.000004, 1.004918
 [1,11]=0.000003, 1.000000
 [1,12]=0.000007, 1.000000
 [1,13]=0.000002, 1.000000
 [1,14]=0.000012, 1.000000
 [1,15]=0.000017, 1.000000
 [1,16]=0.000017, 1.049990
 [1,17]=0.000006, 1.000000
 [1,18]=0.000004, 1.000000
 [1,19]=0.000005, 1.000000
 [1,20]=0.000044, 1.291316
 [1,21]=0.000002, 1.000000
 [1,22]=0.000001, 1.000000
 [1,23]=0.000008, 1.000000
 [1,24]=0.000004, 1.000000
 [1,25]=0.212381, 100.000000
 [1,26]=0.000250, 3.684360
 [1,27]=0.000012, 1.539513
 [1,28]=0.000001, 1.000000
 [1,29]=0.002380, 8.007894
 [1,30]=0.000001, 1.000000
 [1,31]=0.000007, 1.000000
 [1,32]=0.000001, 1.023028
 [1,33]=0.338229, 95.549804
 [1,34]=0.000057, 2.665607
 [1,35]=0.000001, 1.000000
 [1,36]=0.025306, 33.361305
 [1,37]=0.000004, 1.000000
 [1,38]=0.001431, 12.362285
 [1,39]=0.000328, 3.433361
 [1,40]=0.000002, 1.000000
 [2,0]=0.000128, 3.003703
 [2,1]=0.006053, 14.897950
 [2,2]=1.000000, 1.000000
 [2,3]=0.000051, 1.051286
 [2,4]=0.000070, 1.043106
 [2,5]=0.679476, 100.000000
 [2,6]=0.000018, 1.000000
 [2,7]=0.000027, 1.000000
 [2,8]=0.000022, 1.000000
 [2,9]=0.001094, 10.684735
 [2,10]=0.000005, 1.000000
 [2,11]=0.000004, 1.000000
 [2,12]=0.000007, 1.000000
 [2,13]=0.000002, 1.000000
 [2,14]=0.000010, 1.000000
 [2,15]=0.000007, 1.004094
 [2,16]=0.000009, 1.000000
 [2,17]=0.000004, 1.000000
 [2,18]=0.000003, 1.000000
 [2,19]=0.000006, 1.019850
 [2,20]=0.022871, 51.367850
 [2,21]=0.000002, 1.000000
 [2,22]=0.000001, 1.000000
 [2,23]=0.000004, 1.000000
 [2,24]=0.000003, 1.000000
 [2,25]=0.000033, 1.316125
 [2,26]=0.000009, 1.000000
 [2,27]=0.000002, 1.000000
 [2,28]=0.000001, 1.000000
 [2,29]=0.000024, 1.337317
 [2,30]=0.000001, 1.000000
 [2,31]=0.000009, 1.000000
 [2,32]=0.000002, 1.000000
 [2,33]=0.004386, 16.584730
 [2,34]=0.000004, 1.000000
 [2,35]=0.000001, 1.000000
 [2,36]=0.284991, 100.000000
 [2,37]=0.000005, 1.035123
 [2,38]=0.000507, 3.379647
 [2,39]=0.000148, 1.261593
 [2,40]=0.000001, 1.000000
 [3,0]=0.000039, 1.468973
 [3,1]=0.393949, 100.000000
 [3,2]=0.000095, 1.051286
 [3,3]=1.000000, 1.000000
 [3,4]=0.390953, 99.987578
 [3,5]=0.000117, 1.000000
 [3,6]=0.205029, 100.000000
 [3,7]=0.003105, 11.606398
 [3,8]=0.000010, 1.000000
 [3,9]=0.000017, 1.000000
 [3,10]=0.000003, 1.000000
 [3,11]=0.000003, 1.000000
 [3,12]=0.000008, 1.000000
 [3,13]=0.000002, 1.000000
 [3,14]=0.000017, 1.000000
 [3,15]=0.000039, 1.017213
 [3,16]=0.000033, 1.059769
 [3,17]=0.000010, 1.000000
 [3,18]=0.000005, 1.000000
 [3,19]=0.000004, 1.000000
 [3,20]=0.000018, 1.000000
 [3,21]=0.000001, 1.000000
 [3,22]=0.000002, 1.000000
 [3,23]=0.000016, 1.000000
 [3,24]=0.000006, 1.000000
 [3,25]=0.001294, 3.935776
 [3,26]=0.000102, 1.021298
 [3,27]=0.000012, 1.000000
 [3,28]=0.000001, 1.000000
 [3,29]=0.003476, 5.459528
 [3,30]=0.000001, 1.000000
 [3,31]=0.000005, 1.000000
 [3,32]=0.000001, 1.000000
 [3,33]=0.001465, 6.815041
 [3,34]=0.000031, 1.057014
 [3,35]=0.000001, 1.000000
 [3,36]=0.000049, 1.000000
 [3,37]=0.000004, 1.000000
 [3,38]=0.000023, 1.000000
 [3,39]=0.000049, 1.000000
 [3,40]=0.000002, 1.000000
 [4,0]=0.040177, 82.366632
 [4,1]=0.014998, 21.262577
 [4,2]=0.000135, 1.043106
 [4,3]=0.398588, 99.987578
 [4,4]=1.000000, 1.000000
 [4,5]=0.000614, 1.741240
 [4,6]=0.226555, 94.058190
 [4,7]=0.316642, 100.000000
 [4,8]=0.000018, 1.000000
 [4,9]=0.000034, 1.000000
 [4,10]=0.000005, 1.000000
 [4,11]=0.000006, 1.000000
 [4,12]=0.000016, 1.000000
 [4,13]=0.000004, 1.000000
 [4,14]=0.000039, 1.000000
 [4,15]=0.000063, 1.165581
 [4,16]=0.001327, 7.663274
 [4,17]=0.000020, 1.011413
 [4,18]=0.000009, 1.000000
 [4,19]=0.000007, 1.000000
 [4,20]=0.000025, 1.000000
 [4,21]=0.000003, 1.000000
 [4,22]=0.000003, 1.000000
 [4,23]=0.000024, 1.000000
 [4,24]=0.000011, 1.000000
 [4,25]=0.000053, 1.010732
 [4,26]=0.000070, 1.043106
 [4,27]=0.000013, 1.000000
 [4,28]=0.000001, 1.000000
 [4,29]=0.000078, 1.024094
 [4,30]=0.000002, 1.000000
 [4,31]=0.000007, 1.000000
 [4,32]=0.000002, 1.000000
 [4,33]=0.000116, 1.811653
 [4,34]=0.000031, 1.087044
 [4,35]=0.000002, 1.000000
 [4,36]=0.000061, 1.126781
 [4,37]=0.000008, 1.000000
 [4,38]=0.000039, 1.000000
 [4,39]=0.000193, 1.284214
 [4,40]=0.000004, 1.000000
 [5,0]=0.042955, 100.000000
 [5,1]=0.000487, 2.852521
 [5,2]=0.763879, 100.000000
 [5,3]=0.000070, 1.000000
 [5,4]=0.000359, 1.741240
 [5,5]=1.000000, 1.000000
 [5,6]=0.000045, 1.303545
 [5,7]=0.000077, 1.213401
 [5,8]=0.000024, 1.000000
 [5,9]=0.000044, 1.000000
 [5,10]=0.000005, 1.000000
 [5,11]=0.000005, 1.050893
 [5,12]=0.000010, 1.000000
 [5,13]=0.000003, 1.000000
 [5,14]=0.000018, 1.000000
 [5,15]=0.000011, 1.000000
 [5,16]=0.000032, 1.591853
 [5,17]=0.000007, 1.000000
 [5,18]=0.000005, 1.000000
 [5,19]=0.000007, 1.000000
 [5,20]=0.000082, 1.472917
 [5,21]=0.000002, 1.000000
 [5,22]=0.000002, 1.000000
 [5,23]=0.000006, 1.000000
 [5,24]=0.000005, 1.000000
 [5,25]=0.000023, 1.000000
 [5,26]=0.000013, 1.000000
 [5,27]=0.000010, 2.011869
 [5,28]=0.000001, 1.000000
 [5,29]=0.000032, 1.368622
 [5,30]=0.000001, 1.000000
 [5,31]=0.000009, 1.000000
 [5,32]=0.000004, 1.680521
 [5,33]=0.000731, 6.409732
 [5,34]=0.000006, 1.000000
 [5,35]=0.000002, 1.000000
 [5,36]=0.000105, 1.000000
 [5,37]=0.000006, 1.000000
 [5,38]=0.001721, 7.753474
 [5,39]=0.189194, 82.741807
 [5,40]=0.000002, 1.000000
 [6,0]=0.000432, 5.082706
 [6,1]=0.000095, 1.035286
 [6,2]=0.000052, 1.000000
 [6,3]=0.318177, 100.000000
 [6,4]=0.344847, 94.058190
 [6,5]=0.000118, 1.303545
 [6,6]=1.000000, 1.000000
 [6,7]=0.005566, 7.755633
 [6,8]=0.000012, 1.000000
 [6,9]=0.000022, 1.000000
 [6,10]=0.000004, 1.000000
 [6,11]=0.000005, 1.000000
 [6,12]=0.000016, 1.000000
 [6,13]=0.000004, 1.000000
 [6,14]=0.000044, 1.000000
 [6,15]=0.292406, 100.000000
 [6,16]=0.003201, 7.889509
 [6,17]=0.000035, 1.000000
 [6,18]=0.000011, 1.000000
 [6,19]=0.000006, 1.000000
 [6,20]=0.000015, 1.000000
 [6,21]=0.000002, 1.000000
 [6,22]=0.000004, 1.000000
 [6,23]=0.000078, 1.000000
 [6,24]=0.000020, 1.191613
 [6,25]=0.000082, 1.147611
 [6,26]=0.027052, 14.281149
 [6,27]=0.000931, 7.020436
 [6,28]=0.000001, 1.000000
 [6,29]=0.005605, 9.963240
 [6,30]=0.000002, 1.000000
 [6,31]=0.000005, 1.000000
 [6,32]=0.000001, 1.000000
 [6,33]=0.000508, 5.884082
 [6,34]=0.000509, 2.357805
 [6,35]=0.000001, 1.000000
 [6,36]=0.000029, 1.000000
 [6,37]=0.000007, 1.000000
 [6,38]=0.000022, 1.000000
 [6,39]=0.000066, 1.107230
 [6,40]=0.000006, 1.000000
 [7,0]=0.153492, 100.000000
 [7,1]=0.000205, 2.203742
 [7,2]=0.000077, 1.000000
 [7,3]=0.004672, 11.606398
 [7,4]=0.467305, 100.000000
 [7,5]=0.000194, 1.213401
 [7,6]=0.005396, 7.755633
 [7,7]=1.000000, 1.000000
 [7,8]=0.000026, 1.000000
 [7,9]=0.000062, 1.000000
 [7,10]=0.000008, 1.000000
 [7,11]=0.000013, 1.000000
 [7,12]=0.000046, 1.000000
 [7,13]=0.000009, 1.000000
 [7,14]=0.014069, 18.115320
 [7,15]=0.012515, 22.839440
 [7,16]=0.336351, 98.673870
 [7,17]=0.004551, 15.364960
 [7,18]=0.000026, 1.000000
 [7,19]=0.000013, 1.000000
 [7,20]=0.000026, 1.000000
 [7,21]=0.000005, 1.000000
 [7,22]=0.000008, 1.000000
 [7,23]=0.000223, 2.213554
 [7,24]=0.000037, 1.017213
 [7,25]=0.000030, 1.000000
 [7,26]=0.000069, 1.003590
 [7,27]=0.000026, 1.000000
 [7,28]=0.000003, 1.000000
 [7,29]=0.000135, 2.028599
 [7,30]=0.000004, 1.000000
 [7,31]=0.000011, 1.000000
 [7,32]=0.000003, 1.000000
 [7,33]=0.000028, 1.001317
 [7,34]=0.000056, 1.180464
 [7,35]=0.000003, 1.000000
 [7,36]=0.000036, 1.000000
 [7,37]=0.000019, 1.000000
 [7,38]=0.000049, 1.031652
 [7,39]=0.000187, 1.000000
 [7,40]=0.000013, 1.000000
 [8,0]=0.000122, 1.050242
 [8,1]=0.000023, 1.000000
 [8,2]=0.000068, 1.000000
 [8,3]=0.000017, 1.000000
 [8,4]=0.000029, 1.000000
 [8,5]=0.000066, 1.000000
 [8,6]=0.000013, 1.000000
 [8,7]=0.000029, 1.000000
 [8,8]=1.000000, 1.000000
 [8,9]=0.556804, 100.000000
 [8,10]=0.000376, 2.017579
 [8,11]=0.000070, 1.000000
 [8,12]=0.000054, 1.000000
 [8,13]=0.000019, 1.000000
 [8,14]=0.000033, 1.000000
 [8,15]=0.000007, 1.000000
 [8,16]=0.000015, 1.000000
 [8,17]=0.000012, 1.000000
 [8,18]=0.000019, 1.000000
 [8,19]=0.187586, 100.000000
 [8,20]=0.030352, 24.312795
 [8,21]=0.000034, 1.000000
 [8,22]=0.000010, 1.000000
 [8,23]=0.000006, 1.000000
 [8,24]=0.000014, 1.000000
 [8,25]=0.000009, 1.000000
 [8,26]=0.000007, 1.000000
 [8,27]=0.000003, 1.000000
 [8,28]=0.000007, 1.000000
 [8,29]=0.000008, 1.000000
 [8,30]=0.000014, 1.000000
 [8,31]=0.127581, 51.488368
 [8,32]=0.000037, 1.165883
 [8,33]=0.000020, 1.000000
 [8,34]=0.000004, 1.000000
 [8,35]=0.000026, 1.000000
 [8,36]=0.000221, 2.466726
 [8,37]=0.000060, 1.000000
 [8,38]=0.085247, 31.391664
 [8,39]=0.010969, 19.866768
 [8,40]=0.000009, 1.000000
 [9,0]=0.288695, 96.432730
 [9,1]=0.000018, 1.000000
 [9,2]=0.001951, 10.684735
 [9,3]=0.000016, 1.000000
 [9,4]=0.000032, 1.000000
 [9,5]=0.000069, 1.000000
 [9,6]=0.000013, 1.000000
 [9,7]=0.000039, 1.000000
 [9,8]=0.315994, 100.000000
 [9,9]=1.000000, 1.000000
 [9,10]=0.000035, 1.000000
 [9,11]=0.000040, 1.000000
 [9,12]=0.000067, 1.000000
 [9,13]=0.000014, 1.000000
 [9,14]=0.000047, 1.000000
 [9,15]=0.000008, 1.000000
 [9,16]=0.000018, 1.000000
 [9,17]=0.000014, 1.000000
 [9,18]=0.000020, 1.000000
 [9,19]=0.002297, 10.857027
 [9,20]=0.000082, 1.000000
 [9,21]=0.000015, 1.000000
 [9,22]=0.000008, 1.000000
 [9,23]=0.000007, 1.000000
 [9,24]=0.000015, 1.000000
 [9,25]=0.000007, 1.000000
 [9,26]=0.000006, 1.000000
 [9,27]=0.000003, 1.000000
 [9,28]=0.000004, 1.000000
 [9,29]=0.000007, 1.000000
 [9,30]=0.000008, 1.000000
 [9,31]=0.000050, 1.000000
 [9,32]=0.000009, 1.000000
 [9,33]=0.000013, 1.000000
 [9,34]=0.000004, 1.000000
 [9,35]=0.000009, 1.021031
 [9,36]=0.000034, 1.000000
 [9,37]=0.000046, 1.000000
 [9,38]=0.165230, 71.238981
 [9,39]=0.225049, 99.202463
 [9,40]=0.000008, 1.000000
 [10,0]=0.000455, 6.627475
 [10,1]=0.000005, 1.004918
 [10,2]=0.000013, 1.000000
 [10,3]=0.000004, 1.000000
 [10,4]=0.000007, 1.000000
 [10,5]=0.000013, 1.000000
 [10,6]=0.000004, 1.000000
 [10,7]=0.000008, 1.000000
 [10,8]=0.000334, 2.017579
 [10,9]=0.000054, 1.000000
 [10,10]=1.000000, 1.000000
 [10,11]=0.001240, 4.368186
 [10,12]=0.000029, 1.000000
 [10,13]=0.000026, 1.000000
 [10,14]=0.000012, 1.000000
 [10,15]=0.000002, 1.000000
 [10,16]=0.000005, 1.000000
 [10,17]=0.000005, 1.000000
 [10,18]=0.000014, 1.000000
 [10,19]=0.706406, 100.000000
 [10,20]=0.000033, 1.000000
 [10,21]=0.000829, 3.025761
 [10,22]=0.000011, 1.000000
 [10,23]=0.000002, 1.000000
 [10,24]=0.000008, 1.000000
 [10,25]=0.000002, 1.000000
 [10,26]=0.000002, 1.000000
 [10,27]=0.000001, 1.000000
 [10,28]=0.000010, 1.000000
 [10,29]=0.000002, 1.000000
 [10,30]=0.000033, 1.000000
 [10,31]=0.256043, 100.000000
 [10,32]=0.021017, 25.410844
 [10,33]=0.000005, 1.000000
 [10,34]=0.000001, 1.000000
 [10,35]=0.013222, 19.665440
 [10,36]=0.000012, 1.000000
 [10,37]=0.000064, 1.000000
 [10,38]=0.000039, 1.000000
 [10,39]=0.000020, 1.000000
 [10,40]=0.000007, 1.000000
 [11,0]=0.002118, 14.276936
 [11,1]=0.000004, 1.000000
 [11,2]=0.000009, 1.000000
 [11,3]=0.000004, 1.000000
 [11,4]=0.000007, 1.000000
 [11,5]=0.000011, 1.050893
 [11,6]=0.000004, 1.000000
 [11,7]=0.000010, 1.000000
 [11,8]=0.000051, 1.000000
 [11,9]=0.000051, 1.000000
 [11,10]=0.001008, 4.368186
 [11,11]=1.000000, 1.000000
 [11,12]=0.000165, 1.439698
 [11,13]=0.024336, 33.739073
 [11,14]=0.000024, 1.000000
 [11,15]=0.000003, 1.000000
 [11,16]=0.000008, 1.000000
 [11,17]=0.000011, 1.000000
 [11,18]=0.000043, 1.000000
 [11,19]=0.012378, 10.817031
 [11,20]=0.000015, 1.000000
 [11,21]=0.192833, 100.000000
 [11,22]=0.000037, 1.057549
 [11,23]=0.000004, 1.000000
 [11,24]=0.000020, 1.000000
 [11,25]=0.000002, 1.000000
 [11,26]=0.000002, 1.000000
 [11,27]=0.000001, 1.000000
 [11,28]=0.000514, 7.077883
 [11,29]=0.000002, 1.000000
 [11,30]=0.000953, 4.847630
 [11,31]=0.000037, 1.000000
 [11,32]=0.002082, 17.204663
 [11,33]=0.000003, 1.000000
 [11,34]=0.000002, 1.000000
 [11,35]=0.000967, 7.515296
 [11,36]=0.000008, 1.084091
 [11,37]=0.761286, 100.000000
 [11,38]=0.000937, 11.973093
 [11,39]=0.000020, 1.032610
 [11,40]=0.000029, 1.253883
 [12,0]=0.338557, 100.000000
 [12,1]=0.000016, 1.000000
 [12,2]=0.000030, 1.000000
 [12,3]=0.000018, 1.000000
 [12,4]=0.000036, 1.000000
 [12,5]=0.000041, 1.000000
 [12,6]=0.000023, 1.000000
 [12,7]=0.000071, 1.000000
 [12,8]=0.000076, 1.000000
 [12,9]=0.000164, 1.000000
 [12,10]=0.000046, 1.000000
 [12,11]=0.000319, 1.439698
 [12,12]=1.000000, 1.000000
 [12,13]=0.110954, 82.719708
 [12,14]=0.021141, 15.251065
 [12,15]=0.000021, 1.000000
 [12,16]=0.000062, 1.000000
 [12,17]=0.000102, 1.023027
 [12,18]=0.485088, 100.000000
 [12,19]=0.000100, 1.000000
 [12,20]=0.000032, 1.043106
 [12,21]=0.000046, 1.000000
 [12,22]=0.000431, 2.849669
 [12,23]=0.000025, 1.000000
 [12,24]=0.031584, 28.646822
 [12,25]=0.000008, 1.000000
 [12,26]=0.000012, 1.000000
 [12,27]=0.000009, 1.000000
 [12,28]=0.000035, 1.000000
 [12,29]=0.000009, 1.000000
 [12,30]=0.000045, 1.000000
 [12,31]=0.000033, 1.000000
 [12,32]=0.000015, 1.000000
 [12,33]=0.000010, 1.000000
 [12,34]=0.000010, 1.000000
 [12,35]=0.000020, 1.000000
 [12,36]=0.000019, 1.000000
 [12,37]=0.010382, 7.394394
 [12,38]=0.000065, 1.102728
 [12,39]=0.000090, 1.000000
 [12,40]=0.000254, 1.815893
 [13,0]=0.001709, 12.154312
 [13,1]=0.000004, 1.000000
 [13,2]=0.000008, 1.000000
 [13,3]=0.000005, 1.000000
 [13,4]=0.000009, 1.000000
 [13,5]=0.000010, 1.000000
 [13,6]=0.000006, 1.000000
 [13,7]=0.000015, 1.000000
 [13,8]=0.000027, 1.000000
 [13,9]=0.000035, 1.000000
 [13,10]=0.000042, 1.000000
 [13,11]=0.048156, 33.739073
 [13,12]=0.113671, 82.719708
 [13,13]=1.000000, 1.000000
 [13,14]=0.000620, 5.884840
 [13,15]=0.000006, 1.000000
 [13,16]=0.000015, 1.000000
 [13,17]=0.000028, 1.000000
 [13,18]=0.092124, 58.980422
 [13,19]=0.000074, 1.000000
 [13,20]=0.000010, 1.000000
 [13,21]=0.003785, 10.727826
 [13,22]=0.494331, 100.000000
 [13,23]=0.000008, 1.000000
 [13,24]=0.000072, 1.000000
 [13,25]=0.000002, 1.000000
 [13,26]=0.000003, 1.000000
 [13,27]=0.000003, 1.064547
 [13,28]=0.094403, 48.406588
 [13,29]=0.000002, 1.000000
 [13,30]=0.075484, 38.843147
 [13,31]=0.000019, 1.000000
 [13,32]=0.000020, 1.000000
 [13,33]=0.000003, 1.000000
 [13,34]=0.000004, 1.200047
 [13,35]=0.000424, 5.407029
 [13,36]=0.000006, 1.000000
 [13,37]=0.074410, 32.821248
 [13,38]=0.000018, 1.074879
 [13,39]=0.000019, 1.000000
 [13,40]=0.000409, 2.035413
 [14,0]=0.444179, 100.000000
 [14,1]=0.000028, 1.000000
 [14,2]=0.000045, 1.000000
 [14,3]=0.000040, 1.000000
 [14,4]=0.000090, 1.000000
 [14,5]=0.000069, 1.000000
 [14,6]=0.000067, 1.000000
 [14,7]=0.021927, 18.115320
 [14,8]=0.000046, 1.000000
 [14,9]=0.000116, 1.000000
 [14,10]=0.000020, 1.000000
 [14,11]=0.000047, 1.000000
 [14,12]=0.021312, 15.251065
 [14,13]=0.000610, 5.884840
 [14,14]=1.000000, 1.000000
 [14,15]=0.000068, 1.000000
 [14,16]=0.105460, 47.854026
 [14,17]=0.390947, 100.000000
 [14,18]=0.001564, 3.992126
 [14,19]=0.000036, 1.000000
 [14,20]=0.000028, 1.000000
 [14,21]=0.000016, 1.000000
 [14,22]=0.000039, 1.000000
 [14,23]=0.000079, 1.000000
 [14,24]=0.000313, 1.064132
 [14,25]=0.000015, 1.000000
 [14,26]=0.000031, 1.000000
 [14,27]=0.010572, 57.529817
 [14,28]=0.000015, 1.000000
 [14,29]=0.000021, 1.000000
 [14,30]=0.000016, 1.000000
 [14,31]=0.000019, 1.000000
 [14,32]=0.000007, 1.000000
 [14,33]=0.000016, 1.000000
 [14,34]=0.000033, 1.096265
 [14,35]=0.000008, 1.000000
 [14,36]=0.000025, 1.000000
 [14,37]=0.000083, 1.000000
 [14,38]=0.000053, 1.000000
 [14,39]=0.000303, 1.665161
 [14,40]=0.001638, 8.313532
 [15,0]=0.000185, 4.277724
 [15,1]=0.000022, 1.000000
 [15,2]=0.000016, 1.004094
 [15,3]=0.000051, 1.017213
 [15,4]=0.000081, 1.165581
 [15,5]=0.000024, 1.000000
 [15,6]=0.245591, 100.000000
 [15,7]=0.010841, 22.839440
 [15,8]=0.000006, 1.000000
 [15,9]=0.000011, 1.000000
 [15,10]=0.000002, 1.000000
 [15,11]=0.000004, 1.000000
 [15,12]=0.000012, 1.000000
 [15,13]=0.000003, 1.000000
 [15,14]=0.000038, 1.000000
 [15,15]=1.000000, 1.000000
 [15,16]=0.212980, 97.470037
 [15,17]=0.001068, 7.471963
 [15,18]=0.000011, 1.000000
 [15,19]=0.000003, 1.044998
 [15,20]=0.000006, 1.000000
 [15,21]=0.000001, 1.000000
 [15,22]=0.000004, 1.000000
 [15,23]=0.021121, 14.795468
 [15,24]=0.000029, 1.359507
 [15,25]=0.000019, 1.000000
 [15,26]=0.002353, 5.368699
 [15,27]=0.115290, 79.082767
 [15,28]=0.000001, 1.000000
 [15,29]=0.000049, 1.067668
 [15,30]=0.000001, 1.000000
 [15,31]=0.000003, 1.000000
 [15,32]=0.000001, 1.000000
 [15,33]=0.000011, 1.000000
 [15,34]=0.390107, 100.000000
 [15,35]=0.000001, 1.000000
 [15,36]=0.000010, 1.000000
 [15,37]=0.000005, 1.000000
 [15,38]=0.000009, 1.000000
 [15,39]=0.000022, 1.000000
 [15,40]=0.000007, 1.000000
 [16,0]=0.079675, 100.000000
 [16,1]=0.000031, 1.049990
 [16,2]=0.000030, 1.000000
 [16,3]=0.000058, 1.059769
 [16,4]=0.002301, 7.663274
 [16,5]=0.000095, 1.591853
 [16,6]=0.003647, 7.889509
 [16,7]=0.395304, 98.673870
 [16,8]=0.000015, 1.000000
 [16,9]=0.000033, 1.000000
 [16,10]=0.000006, 1.000000
 [16,11]=0.000012, 1.000000
 [16,12]=0.000048, 1.000000
 [16,13]=0.000011, 1.000000
 [16,14]=0.079525, 47.854026
 [16,15]=0.288956, 97.470037
 [16,16]=1.000000, 1.000000
 [16,17]=0.042246, 26.885681
 [16,18]=0.000040, 1.000000
 [16,19]=0.000010, 1.000000
 [16,20]=0.000013, 1.000000
 [16,21]=0.000005, 1.000000
 [16,22]=0.000012, 1.000000
 [16,23]=0.100104, 45.757275
 [16,24]=0.000104, 1.230971
 [16,25]=0.000018, 1.000000
 [16,26]=0.000076, 1.054314
 [16,27]=0.006665, 22.701576
 [16,28]=0.000005, 1.000000
 [16,29]=0.000032, 1.000000
 [16,30]=0.000004, 1.000000
 [16,31]=0.000007, 1.000000
 [16,32]=0.000002, 1.000000
 [16,33]=0.000014, 1.000000
 [16,34]=0.000735, 4.468836
 [16,35]=0.000002, 1.000000
 [16,36]=0.000027, 1.406451
 [16,37]=0.000019, 1.027525
 [16,38]=0.000022, 1.000000
 [16,39]=0.000066, 1.056253
 [16,40]=0.000024, 1.051286
 [17,0]=0.000572, 4.090144
 [17,1]=0.000013, 1.000000
 [17,2]=0.000016, 1.000000
 [17,3]=0.000021, 1.000000
 [17,4]=0.000039, 1.011413
 [17,5]=0.000024, 1.000000
 [17,6]=0.000046, 1.000000
 [17,7]=0.006091, 15.364960
 [17,8]=0.000014, 1.000000
 [17,9]=0.000029, 1.000000
 [17,10]=0.000007, 1.000000
 [17,11]=0.000018, 1.000000
 [17,12]=0.000088, 1.023027
 [17,13]=0.000024, 1.000000
 [17,14]=0.335696, 100.000000
 [17,15]=0.001650, 7.471963
 [17,16]=0.048105, 26.885681
 [17,17]=1.000000, 1.000000
 [17,18]=0.000124, 1.000000
 [17,19]=0.000013, 1.000000
 [17,20]=0.000009, 1.000000
 [17,21]=0.000007, 1.000000
 [17,22]=0.000031, 1.000000
 [17,23]=0.170816, 100.000000
 [17,24]=0.434829, 100.000000
 [17,25]=0.000008, 1.000000
 [17,26]=0.000746, 9.413653
 [17,27]=0.000667, 6.709670
 [17,28]=0.000011, 1.000000
 [17,29]=0.000013, 1.000000
 [17,30]=0.000008, 1.000000
 [17,31]=0.000006, 1.000000
 [17,32]=0.000003, 1.000000
 [17,33]=0.000007, 1.000000
 [17,34]=0.000034, 1.000000
 [17,35]=0.000003, 1.000000
 [17,36]=0.000010, 1.000000
 [17,37]=0.000031, 1.000000
 [17,38]=0.000016, 1.000000
 [17,39]=0.000078, 1.639732
 [17,40]=0.000076, 1.000000
 [18,0]=0.041626, 75.187346
 [18,1]=0.000006, 1.000000
 [18,2]=0.000010, 1.000000
 [18,3]=0.000008, 1.000000
 [18,4]=0.000014, 1.000000
 [18,5]=0.000013, 1.000000
 [18,6]=0.000011, 1.000000
 [18,7]=0.000029, 1.000000
 [18,8]=0.000019, 1.000000
 [18,9]=0.000034, 1.000000
 [18,10]=0.000015, 1.000000
 [18,11]=0.000060, 1.000000
 [18,12]=0.345295, 100.000000
 [18,13]=0.064008, 58.980422
 [18,14]=0.001104, 3.992126
 [18,15]=0.000013, 1.000000
 [18,16]=0.000038, 1.000000
 [18,17]=0.000102, 1.000000
 [18,18]=1.000000, 1.000000
 [18,19]=0.000029, 1.000000
 [18,20]=0.000009, 1.000000
 [18,21]=0.000021, 1.000000
 [18,22]=0.092586, 62.834526
 [18,23]=0.000020, 1.000000
 [18,24]=0.268062, 59.258459
 [18,25]=0.000003, 1.000000
 [18,26]=0.000006, 1.000000
 [18,27]=0.000007, 1.000000
 [18,28]=0.000087, 1.631821
 [18,29]=0.000004, 1.000000
 [18,30]=0.000031, 1.004721
 [18,31]=0.000010, 1.000000
 [18,32]=0.000006, 1.000000
 [18,33]=0.000004, 1.000000
 [18,34]=0.000007, 1.000000
 [18,35]=0.000009, 1.000000
 [18,36]=0.000006, 1.000000
 [18,37]=0.082491, 72.456334
 [18,38]=0.000015, 1.000000
 [18,39]=0.000025, 1.000000
 [18,40]=0.104158, 41.064450
 [19,0]=0.021767, 54.078625
 [19,1]=0.000007, 1.000000
 [19,2]=0.000018, 1.019850
 [19,3]=0.000006, 1.000000
 [19,4]=0.000011, 1.000000
 [19,5]=0.000019, 1.000000
 [19,6]=0.000006, 1.000000
 [19,7]=0.000014, 1.000000
 [19,8]=0.181181, 100.000000
 [19,9]=0.003909, 10.857027
 [19,10]=0.767797, 100.000000
 [19,11]=0.016552, 10.817031
 [19,12]=0.000070, 1.000000
 [19,13]=0.000050, 1.000000
 [19,14]=0.000025, 1.000000
 [19,15]=0.000004, 1.044998
 [19,16]=0.000009, 1.000000
 [19,17]=0.000010, 1.000000
 [19,18]=0.000028, 1.000000
 [19,19]=1.000000, 1.000000
 [19,20]=0.000070, 1.473325
 [19,21]=0.001021, 3.168348
 [19,22]=0.000019, 1.000000
 [19,23]=0.000006, 1.308807
 [19,24]=0.000016, 1.007612
 [19,25]=0.000003, 1.000000
 [19,26]=0.000003, 1.000000
 [19,27]=0.000002, 1.000000
 [19,28]=0.000016, 1.000000
 [19,29]=0.000003, 1.000000
 [19,30]=0.000049, 1.000000
 [19,31]=0.001803, 4.987446
 [19,32]=0.000082, 1.108254
 [19,33]=0.000013, 1.623136
 [19,34]=0.000002, 1.000000
 [19,35]=0.004241, 13.437350
 [19,36]=0.000015, 1.000000
 [19,37]=0.000655, 2.327728
 [19,38]=0.000056, 1.000000
 [19,39]=0.000035, 1.015848
 [19,40]=0.000407, 9.686724
 [20,0]=0.000212, 2.321080
 [20,1]=0.000078, 1.291316
 [20,2]=0.075142, 51.367850
 [20,3]=0.000031, 1.000000
 [20,4]=0.000042, 1.000000
 [20,5]=0.000239, 1.472917
 [20,6]=0.000017, 1.000000
 [20,7]=0.000030, 1.000000
 [20,8]=0.031721, 24.312795
 [20,9]=0.000150, 1.000000
 [20,10]=0.000039, 1.000000
 [20,11]=0.000021, 1.000000
 [20,12]=0.000024, 1.043106
 [20,13]=0.000008, 1.000000
 [20,14]=0.000021, 1.000000
 [20,15]=0.000008, 1.000000
 [20,16]=0.000013, 1.000000
 [20,17]=0.000008, 1.000000
 [20,18]=0.000009, 1.000000
 [20,19]=0.000076, 1.473325
 [20,20]=1.000000, 1.000000
 [20,21]=0.000012, 1.000000
 [20,22]=0.000004, 1.000000
 [20,23]=0.000006, 1.000000
 [20,24]=0.000008, 1.000000
 [20,25]=0.000021, 1.000000
 [20,26]=0.000009, 1.000000
 [20,27]=0.000003, 1.000000
 [20,28]=0.000003, 1.000000
 [20,29]=0.000015, 1.000000
 [20,30]=0.000006, 1.000000
 [20,31]=0.124845, 100.000000
 [20,32]=0.000081, 3.169986
 [20,33]=0.000534, 4.320226
 [20,34]=0.000005, 1.000000
 [20,35]=0.000011, 1.000000
 [20,36]=0.275021, 100.000000
 [20,37]=0.000020, 1.000000
 [20,38]=0.491110, 65.158016
 [20,39]=0.000392, 2.064889
 [20,40]=0.000004, 1.000000
 [21,0]=0.000414, 5.932468
 [21,1]=0.000004, 1.000000
 [21,2]=0.000009, 1.000000
 [21,3]=0.000004, 1.000000
 [21,4]=0.000007, 1.000000
 [21,5]=0.000010, 1.000000
 [21,6]=0.000004, 1.000000
 [21,7]=0.000009, 1.000000
 [21,8]=0.000053, 1.000000
 [21,9]=0.000041, 1.000000
 [21,10]=0.001470, 3.025761
 [21,11]=0.420828, 100.000000
 [21,12]=0.000052, 1.000000
 [21,13]=0.004175, 10.727826
 [21,14]=0.000018, 1.000000
 [21,15]=0.000003, 1.000000
 [21,16]=0.000007, 1.000000
 [21,17]=0.000009, 1.000000
 [21,18]=0.000033, 1.000000
 [21,19]=0.001666, 3.168348
 [21,20]=0.000019, 1.000000
 [21,21]=1.000000, 1.000000
 [21,22]=0.000040, 1.000000
 [21,23]=0.000003, 1.000000
 [21,24]=0.000017, 1.000000
 [21,25]=0.000002, 1.000000
 [21,26]=0.000002, 1.000000
 [21,27]=0.000001, 1.000000
 [21,28]=0.000059, 1.077919
 [21,29]=0.000002, 1.000000
 [21,30]=0.335160, 100.000000
 [21,31]=0.000065, 1.000000
 [21,32]=0.018246, 22.986019
 [21,33]=0.000004, 1.000000
 [21,34]=0.000001, 1.000000
 [21,35]=0.217319, 58.620045
 [21,36]=0.000008, 1.000000
 [21,37]=0.000165, 1.000000
 [21,38]=0.000034, 1.260580
 [21,39]=0.000018, 1.000000
 [21,40]=0.000021, 1.000000
 [22,0]=0.000079, 2.445462
 [22,1]=0.000002, 1.000000
 [22,2]=0.000004, 1.000000
 [22,3]=0.000003, 1.000000
 [22,4]=0.000005, 1.000000
 [22,5]=0.000005, 1.000000
 [22,6]=0.000004, 1.000000
 [22,7]=0.000010, 1.000000
 [22,8]=0.000010, 1.000000
 [22,9]=0.000015, 1.000000
 [22,10]=0.000013, 1.000000
 [22,11]=0.000056, 1.057549
 [22,12]=0.000338, 2.849669
 [22,13]=0.378218, 100.000000
 [22,14]=0.000031, 1.000000
 [22,15]=0.000005, 1.000000
 [22,16]=0.000012, 1.000000
 [22,17]=0.000028, 1.000000
 [22,18]=0.101955, 62.834526
 [22,19]=0.000022, 1.000000
 [22,20]=0.000004, 1.000000
 [22,21]=0.000028, 1.000000
 [22,22]=1.000000, 1.000000
 [22,23]=0.000008, 1.000000
 [22,24]=0.004040, 13.066064
 [22,25]=0.000001, 1.000000
 [22,26]=0.000002, 1.000000
 [22,27]=0.000003, 1.000000
 [22,28]=0.256713, 100.000000
 [22,29]=0.000002, 1.000000
 [22,30]=0.000073, 1.000000
 [22,31]=0.000007, 1.000000
 [22,32]=0.000006, 1.000000
 [22,33]=0.000001, 1.000000
 [22,34]=0.000003, 1.000000
 [22,35]=0.000011, 1.000000
 [22,36]=0.000003, 1.000000
 [22,37]=0.000179, 1.663553
 [22,38]=0.000007, 1.000000
 [22,39]=0.000010, 1.000000
 [22,40]=0.258084, 72.008255
 [23,0]=0.001291, 9.009064
 [23,1]=0.000029, 1.000000
 [23,2]=0.000025, 1.000000
 [23,3]=0.000055, 1.000000
 [23,4]=0.000079, 1.000000
 [23,5]=0.000036, 1.000000
 [23,6]=0.000171, 1.000000
 [23,7]=0.000500, 2.213554
 [23,8]=0.000012, 1.000000
 [23,9]=0.000023, 1.000000
 [23,10]=0.000005, 1.000000
 [23,11]=0.000010, 1.000000
 [23,12]=0.000036, 1.000000
 [23,13]=0.000011, 1.000000
 [23,14]=0.000114, 1.000000
 [23,15]=0.054755, 14.795468
 [23,16]=0.191275, 45.757275
 [23,17]=0.286631, 100.000000
 [23,18]=0.000040, 1.000000
 [23,19]=0.000012, 1.308807
 [23,20]=0.000011, 1.000000
 [23,21]=0.000004, 1.000000
 [23,22]=0.000014, 1.000000
 [23,23]=1.000000, 1.000000
 [23,24]=0.000159, 1.569219
 [23,25]=0.000023, 1.000000
 [23,26]=0.000226, 1.424890
 [23,27]=0.463200, 100.000000
 [23,28]=0.000005, 1.000000
 [23,29]=0.000046, 1.000000
 [23,30]=0.000004, 1.000000
 [23,31]=0.000005, 1.000000
 [23,32]=0.000002, 1.000000
 [23,33]=0.000015, 1.000000
 [23,34]=0.000319, 1.027525
 [23,35]=0.000002, 1.049419
 [23,36]=0.000015, 1.000000
 [23,37]=0.000016, 1.023627
 [23,38]=0.000017, 1.000000
 [23,39]=0.000040, 1.000000
 [23,40]=0.000767, 8.758055
 [24,0]=0.006135, 21.862984
 [24,1]=0.000007, 1.000000
 [24,2]=0.000011, 1.000000
 [24,3]=0.000010, 1.000000
 [24,4]=0.000019, 1.000000
 [24,5]=0.000015, 1.000000
 [24,6]=0.000024, 1.191613
 [24,7]=0.000044, 1.017213
 [24,8]=0.000015, 1.000000
 [24,9]=0.000028, 1.000000
 [24,10]=0.000010, 1.000000
 [24,11]=0.000030, 1.000000
 [24,12]=0.024240, 28.646822
 [24,13]=0.000054, 1.000000
 [24,14]=0.000238, 1.064132
 [24,15]=0.000040, 1.359507
 [24,16]=0.000105, 1.230971
 [24,17]=0.385533, 100.000000
 [24,18]=0.289024, 59.258459
 [24,19]=0.000017, 1.007612
 [24,20]=0.000008, 1.000000
 [24,21]=0.000012, 1.000000
 [24,22]=0.003956, 13.066064
 [24,23]=0.000084, 1.569219
 [24,24]=1.000000, 1.000000
 [24,25]=0.000004, 1.000000
 [24,26]=0.000010, 1.000000
 [24,27]=0.000036, 1.914189
 [24,28]=0.000023, 1.000000
 [24,29]=0.000006, 1.000000
 [24,30]=0.000016, 1.000000
 [24,31]=0.000007, 1.000000
 [24,32]=0.000004, 1.000000
 [24,33]=0.000004, 1.000000
 [24,34]=0.003318, 42.031397
 [24,35]=0.000005, 1.000000
 [24,36]=0.000006, 1.000000
 [24,37]=0.000056, 1.000000
 [24,38]=0.000014, 1.000000
 [24,39]=0.000026, 1.000000
 [24,40]=0.286805, 100.000000
 [25,0]=0.000064, 2.890905
 [25,1]=0.332559, 100.000000
 [25,2]=0.000095, 1.316125
 [25,3]=0.001993, 3.935776
 [25,4]=0.000079, 1.010732
 [25,5]=0.000058, 1.000000
 [25,6]=0.000081, 1.147611
 [25,7]=0.000031, 1.000000
 [25,8]=0.000009, 1.000000
 [25,9]=0.000012, 1.000000
 [25,10]=0.000002, 1.000000
 [25,11]=0.000002, 1.000000
 [25,12]=0.000005, 1.000000
 [25,13]=0.000001, 1.000000
 [25,14]=0.000010, 1.000000
 [25,15]=0.000023, 1.000000
 [25,16]=0.000016, 1.000000
 [25,17]=0.000006, 1.000000
 [25,18]=0.000003, 1.000000
 [25,19]=0.000003, 1.000000
 [25,20]=0.000018, 1.000000
 [25,21]=0.000001, 1.000000
 [25,22]=0.000001, 1.000000
 [25,23]=0.000011, 1.000000
 [25,24]=0.000004, 1.000000
 [25,25]=1.000000, 1.000000
 [25,26]=0.000069, 1.000000
 [25,27]=0.000020, 1.586259
 [25,28]=0.000000, 1.000000
 [25,29]=0.443699, 100.000000
 [25,30]=0.000001, 1.000000
 [25,31]=0.000005, 1.000000
 [25,32]=0.000001, 1.000000
 [25,33]=0.220281, 99.857602
 [25,34]=0.000023, 1.000000
 [25,35]=0.000001, 1.000000
 [25,36]=0.000763, 5.586281
 [25,37]=0.000003, 1.000000
 [25,38]=0.000019, 1.000000
 [25,39]=0.000027, 1.000000
 [25,40]=0.000001, 1.000000
 [26,0]=0.000274, 4.793219
 [26,1]=0.000615, 3.684360
 [26,2]=0.000041, 1.000000
 [26,3]=0.000248, 1.021298
 [26,4]=0.000166, 1.043106
 [26,5]=0.000054, 1.000000
 [26,6]=0.042209, 14.281149
 [26,7]=0.000111, 1.003590
 [26,8]=0.000010, 1.000000
 [26,9]=0.000017, 1.000000
 [26,10]=0.000003, 1.000000
 [26,11]=0.000004, 1.000000
 [26,12]=0.000012, 1.000000
 [26,13]=0.000003, 1.000000
 [26,14]=0.000032, 1.000000
 [26,15]=0.004370, 5.368699
 [26,16]=0.000104, 1.054314
 [26,17]=0.000897, 9.413653
 [26,18]=0.000009, 1.000000
 [26,19]=0.000004, 1.000000
 [26,20]=0.000013, 1.000000
 [26,21]=0.000002, 1.000000
 [26,22]=0.000003, 1.000000
 [26,23]=0.000162, 1.424890
 [26,24]=0.000014, 1.000000
 [26,25]=0.000109, 1.000000
 [26,26]=1.000000, 1.000000
 [26,27]=0.000173, 1.330635
 [26,28]=0.000001, 1.000000
 [26,29]=0.430347, 100.000000
 [26,30]=0.000001, 1.000000
 [26,31]=0.000004, 1.000000
 [26,32]=0.000001, 1.000000
 [26,33]=0.000605, 6.027697
 [26,34]=0.519279, 100.000000
 [26,35]=0.000001, 1.000000
 [26,36]=0.000034, 1.179965
 [26,37]=0.000006, 1.000000
 [26,38]=0.000018, 1.000000
 [26,39]=0.000038, 1.000000
 [26,40]=0.000006, 1.000000
 [27,0]=0.000755, 12.101335
 [27,1]=0.000038, 1.539513
 [27,2]=0.000014, 1.000000
 [27,3]=0.000039, 1.000000
 [27,4]=0.000041, 1.000000
 [27,5]=0.000054, 2.011869
 [27,6]=0.001935, 7.020436
 [27,7]=0.000055, 1.000000
 [27,8]=0.000005, 1.000000
 [27,9]=0.000010, 1.000000
 [27,10]=0.000002, 1.000000
 [27,11]=0.000004, 1.000000
 [27,12]=0.000013, 1.000000
 [27,13]=0.000004, 1.064547
 [27,14]=0.014541, 57.529817
 [27,15]=0.285307, 79.082767
 [27,16]=0.012157, 22.701576
 [27,17]=0.001068, 6.709670
 [27,18]=0.000013, 1.000000
 [27,19]=0.000003, 1.000000
 [27,20]=0.000005, 1.000000
 [27,21]=0.000001, 1.000000
 [27,22]=0.000005, 1.000000
 [27,23]=0.442172, 100.000000
 [27,24]=0.000065, 1.914189
 [27,25]=0.000042, 1.586259
 [27,26]=0.000230, 1.330635
 [27,27]=1.000000, 1.000000
 [27,28]=0.000002, 1.000000
 [27,29]=0.000046, 1.000000
 [27,30]=0.000001, 1.000000
 [27,31]=0.000002, 1.000000
 [27,32]=0.000000, 1.000000
 [27,33]=0.000584, 14.266123
 [27,34]=0.240536, 44.855818
 [27,35]=0.000001, 1.000000
 [27,36]=0.000009, 1.021807
 [27,37]=0.000006, 1.000000
 [27,38]=0.000008, 1.000000
 [27,39]=0.000198, 4.986557
 [27,40]=0.000027, 1.855139
 [28,0]=0.000304, 6.268106
 [28,1]=0.000002, 1.000000
 [28,2]=0.000004, 1.000000
 [28,3]=0.000002, 1.000000
 [28,4]=0.000005, 1.000000
 [28,5]=0.000005, 1.000000
 [28,6]=0.000003, 1.000000
 [28,7]=0.000008, 1.000000
 [28,8]=0.000014, 1.000000
 [28,9]=0.000017, 1.000000
 [28,10]=0.000025, 1.000000
 [28,11]=0.001531, 7.077883
 [28,12]=0.000054, 1.000000
 [28,13]=0.142091, 48.406588
 [28,14]=0.000023, 1.000000
 [28,15]=0.000004, 1.000000
 [28,16]=0.000010, 1.000000
 [28,17]=0.000020, 1.000000
 [28,18]=0.000188, 1.631821
 [28,19]=0.000036, 1.000000
 [28,20]=0.000006, 1.000000
 [28,21]=0.000081, 1.077919
 [28,22]=0.505015, 100.000000
 [28,23]=0.000006, 1.000000
 [28,24]=0.000047, 1.000000
 [28,25]=0.000001, 1.000000
 [28,26]=0.000002, 1.000000
 [28,27]=0.000002, 1.000000
 [28,28]=1.000000, 1.000000
 [28,29]=0.000001, 1.000000
 [28,30]=0.335951, 100.000000
 [28,31]=0.000011, 1.000000
 [28,32]=0.000016, 1.004094
 [28,33]=0.000001, 1.000000
 [28,34]=0.000008, 2.583798
 [28,35]=0.000032, 1.051729
 [28,36]=0.000003, 1.000000
 [28,37]=0.004532, 13.268729
 [28,38]=0.000009, 1.000000
 [28,39]=0.000010, 1.000000
 [28,40]=0.009920, 18.367417
 [29,0]=0.000318, 6.228111
 [29,1]=0.005083, 8.007894
 [29,2]=0.000096, 1.337317
 [29,3]=0.007299, 5.459528
 [29,4]=0.000160, 1.024094
 [29,5]=0.000113, 1.368622
 [29,6]=0.007586, 9.963240
 [29,7]=0.000189, 2.028599
 [29,8]=0.000010, 1.000000
 [29,9]=0.000016, 1.000000
 [29,10]=0.000003, 1.000000
 [29,11]=0.000003, 1.000000
 [29,12]=0.000008, 1.000000
 [29,13]=0.000002, 1.000000
 [29,14]=0.000018, 1.000000
 [29,15]=0.000079, 1.067668
 [29,16]=0.000038, 1.000000
 [29,17]=0.000014, 1.000000
 [29,18]=0.000005, 1.000000
 [29,19]=0.000004, 1.000000
 [29,20]=0.000018, 1.000000
 [29,21]=0.000001, 1.000000
 [29,22]=0.000002, 1.000000
 [29,23]=0.000029, 1.000000
 [29,24]=0.000007, 1.000000
 [29,25]=0.605084, 100.000000
 [29,26]=0.373268, 100.000000
 [29,27]=0.000030, 1.000000
 [29,28]=0.000001, 1.000000
 [29,29]=1.000000, 1.000000
 [29,30]=0.000001, 1.000000
 [29,31]=0.000005, 1.000000
 [29,32]=0.000001, 1.000000
 [29,33]=0.000303, 2.093532
 [29,34]=0.000081, 1.000000
 [29,35]=0.000001, 1.000000
 [29,36]=0.000045, 1.000000
 [29,37]=0.000004, 1.000000
 [29,38]=0.000023, 1.061744
 [29,39]=0.000050, 1.205162
 [29,40]=0.000003, 1.000000
 [30,0]=0.000057, 1.546092
 [30,1]=0.000004, 1.000000
 [30,2]=0.000008, 1.000000
 [30,3]=0.000004, 1.000000
 [30,4]=0.000007, 1.000000
 [30,5]=0.000009, 1.000000
 [30,6]=0.000004, 1.000000
 [30,7]=0.000010, 1.000000
 [30,8]=0.000033, 1.000000
 [30,9]=0.000033, 1.000000
 [30,10]=0.000087, 1.000000
 [30,11]=0.003041, 4.847630
 [30,12]=0.000074, 1.000000
 [30,13]=0.121695, 38.843147
 [30,14]=0.000026, 1.000000
 [30,15]=0.000004, 1.000000
 [30,16]=0.000010, 1.000000
 [30,17]=0.000016, 1.000000
 [30,18]=0.000072, 1.004721
 [30,19]=0.000117, 1.000000
 [30,20]=0.000013, 1.000000
 [30,21]=0.489949, 100.000000
 [30,22]=0.000153, 1.000000
 [30,23]=0.000005, 1.000000
 [30,24]=0.000034, 1.000000
 [30,25]=0.000001, 1.000000
 [30,26]=0.000002, 1.000000
 [30,27]=0.000002, 1.000000
 [30,28]=0.359839, 100.000000
 [30,29]=0.000002, 1.000000
 [30,30]=1.000000, 1.000000
 [30,31]=0.000032, 1.000000
 [30,32]=0.000061, 1.000000
 [30,33]=0.000003, 1.000000
 [30,34]=0.000002, 1.000000
 [30,35]=0.019036, 27.688888
 [30,36]=0.000006, 1.000000
 [30,37]=0.005371, 8.743988
 [30,38]=0.000018, 1.000000
 [30,39]=0.000016, 1.017017
 [30,40]=0.000147, 1.837428
 [31,0]=0.000602, 4.546305
 [31,1]=0.000021, 1.000000
 [31,2]=0.000052, 1.000000
 [31,3]=0.000015, 1.000000
 [31,4]=0.000022, 1.000000
 [31,5]=0.000046, 1.000000
 [31,6]=0.000010, 1.000000
 [31,7]=0.000021, 1.000000
 [31,8]=0.231310, 51.488368
 [31,9]=0.000160, 1.000000
 [31,10]=0.522402, 100.000000
 [31,11]=0.000093, 1.000000
 [31,12]=0.000043, 1.000000
 [31,13]=0.000024, 1.000000
 [31,14]=0.000024, 1.000000
 [31,15]=0.000006, 1.000000
 [31,16]=0.000011, 1.000000
 [31,17]=0.000010, 1.000000
 [31,18]=0.000018, 1.000000
 [31,19]=0.003385, 4.987446
 [31,20]=0.216583, 100.000000
 [31,21]=0.000075, 1.000000
 [31,22]=0.000011, 1.000000
 [31,23]=0.000005, 1.000000
 [31,24]=0.000012, 1.000000
 [31,25]=0.000009, 1.000000
 [31,26]=0.000006, 1.000000
 [31,27]=0.000002, 1.000000
 [31,28]=0.000009, 1.000000
 [31,29]=0.000007, 1.000000
 [31,30]=0.000025, 1.000000
 [31,31]=1.000000, 1.000000
 [31,32]=0.017565, 26.658818
 [31,33]=0.000023, 1.057014
 [31,34]=0.000003, 1.000000
 [31,35]=0.000084, 1.000000
 [31,36]=0.000055, 1.000000
 [31,37]=0.000063, 1.000000
 [31,38]=0.007109, 11.192948
 [31,39]=0.000066, 1.000000
 [31,40]=0.000009, 1.000000
 [32,0]=0.004967, 53.858291
 [32,1]=0.000003, 1.023028
 [32,2]=0.000007, 1.000000
 [32,3]=0.000002, 1.000000
 [32,4]=0.000004, 1.000000
 [32,5]=0.000015, 1.680521
 [32,6]=0.000002, 1.000000
 [32,7]=0.000004, 1.000000
 [32,8]=0.000051, 1.165883
 [32,9]=0.000022, 1.000000
 [32,10]=0.032826, 25.410844
 [32,11]=0.004000, 17.204663
 [32,12]=0.000015, 1.000000
 [32,13]=0.000019, 1.000000
 [32,14]=0.000007, 1.000000
 [32,15]=0.000001, 1.000000
 [32,16]=0.000003, 1.000000
 [32,17]=0.000003, 1.000000
 [32,18]=0.000008, 1.000000
 [32,19]=0.000118, 1.108254
 [32,20]=0.000108, 3.169986
 [32,21]=0.016065, 22.986019
 [32,22]=0.000008, 1.000000
 [32,23]=0.000001, 1.000000
 [32,24]=0.000005, 1.000000
 [32,25]=0.000001, 1.000000
 [32,26]=0.000001, 1.000000
 [32,27]=0.000000, 1.000000
 [32,28]=0.000011, 1.004094
 [32,29]=0.000001, 1.000000
 [32,30]=0.000037, 1.000000
 [32,31]=0.013446, 26.658818
 [32,32]=1.000000, 1.000000
 [32,33]=0.000009, 2.012024
 [32,34]=0.000000, 1.000000
 [32,35]=0.914402, 100.000000
 [32,36]=0.002116, 43.419949
 [32,37]=0.000042, 1.223117
 [32,38]=0.011636, 72.470662
 [32,39]=0.000012, 1.088994
 [32,40]=0.000022, 2.700697
 [33,0]=0.011905, 72.174106
 [33,1]=0.549380, 95.549804
 [33,2]=0.013211, 16.584730
 [33,3]=0.002341, 6.815041
 [33,4]=0.000182, 1.811653
 [33,5]=0.001959, 6.409732
 [33,6]=0.000523, 5.884082
 [33,7]=0.000030, 1.001317
 [33,8]=0.000019, 1.000000
 [33,9]=0.000023, 1.000000
 [33,10]=0.000005, 1.000000
 [33,11]=0.000004, 1.000000
 [33,12]=0.000007, 1.000000
 [33,13]=0.000002, 1.000000
 [33,14]=0.000011, 1.000000
 [33,15]=0.000013, 1.000000
 [33,16]=0.000013, 1.000000
 [33,17]=0.000006, 1.000000
 [33,18]=0.000004, 1.000000
 [33,19]=0.000013, 1.623136
 [33,20]=0.000489, 4.320226
 [33,21]=0.000002, 1.000000
 [33,22]=0.000001, 1.000000
 [33,23]=0.000007, 1.000000
 [33,24]=0.000004, 1.000000
 [33,25]=0.228500, 99.857602
 [33,26]=0.000399, 6.027697
 [33,27]=0.000289, 14.266123
 [33,28]=0.000001, 1.000000
 [33,29]=0.000231, 2.093532
 [33,30]=0.000001, 1.000000
 [33,31]=0.000012, 1.057014
 [33,32]=0.000006, 2.012024
 [33,33]=1.000000, 1.000000
 [33,34]=0.000011, 1.011393
 [33,35]=0.000002, 1.000000
 [33,36]=0.164933, 64.544280
 [33,37]=0.000005, 1.000000
 [33,38]=0.025343, 67.244861
 [33,39]=0.000111, 1.759961
 [33,40]=0.000002, 1.009620
 [34,0]=0.001531, 23.942446
 [34,1]=0.000098, 2.665607
 [34,2]=0.000014, 1.000000
 [34,3]=0.000052, 1.057014
 [34,4]=0.000051, 1.087044
 [34,5]=0.000018, 1.000000
 [34,6]=0.000554, 2.357805
 [34,7]=0.000063, 1.180464
 [34,8]=0.000004, 1.000000
 [34,9]=0.000008, 1.000000
 [34,10]=0.000001, 1.000000
 [34,11]=0.000002, 1.000000
 [34,12]=0.000008, 1.000000
 [34,13]=0.000003, 1.200047
 [34,14]=0.000024, 1.096265
 [34,15]=0.505318, 100.000000
 [34,16]=0.000702, 4.468836
 [34,17]=0.000028, 1.000000
 [34,18]=0.000007, 1.000000
 [34,19]=0.000002, 1.000000
 [34,20]=0.000005, 1.000000
 [34,21]=0.000001, 1.000000
 [34,22]=0.000002, 1.000000
 [34,23]=0.000159, 1.027525
 [34,24]=0.003137, 42.031397
 [34,25]=0.000026, 1.000000
 [34,26]=0.362078, 100.000000
 [34,27]=0.125904, 44.855818
 [34,28]=0.000004, 2.583798
 [34,29]=0.000065, 1.000000
 [34,30]=0.000001, 1.000000
 [34,31]=0.000002, 1.000000
 [34,32]=0.000000, 1.000000
 [34,33]=0.000012, 1.011393
 [34,34]=1.000000, 1.000000
 [34,35]=0.000000, 1.000000
 [34,36]=0.000009, 1.000000
 [34,37]=0.000079, 8.028990
 [34,38]=0.000007, 1.000000
 [34,39]=0.000017, 1.061744
 [34,40]=0.000005, 1.017038
 [35,0]=0.002164, 32.060809
 [35,1]=0.000002, 1.000000
 [35,2]=0.000005, 1.000000
 [35,3]=0.000002, 1.000000
 [35,4]=0.000003, 1.000000
 [35,5]=0.000005, 1.000000
 [35,6]=0.000002, 1.000000
 [35,7]=0.000004, 1.000000
 [35,8]=0.000031, 1.000000
 [35,9]=0.000020, 1.021031
 [35,10]=0.017844, 19.665440
 [35,11]=0.001606, 7.515296
 [35,12]=0.000017, 1.000000
 [35,13]=0.000356, 5.407029
 [35,14]=0.000007, 1.000000
 [35,15]=0.000001, 1.000000
 [35,16]=0.000003, 1.000000
 [35,17]=0.000003, 1.000000
 [35,18]=0.000010, 1.000000
 [35,19]=0.005266, 13.437350
 [35,20]=0.000013, 1.000000
 [35,21]=0.165340, 58.620045
 [35,22]=0.000012, 1.000000
 [35,23]=0.000001, 1.049419
 [35,24]=0.000006, 1.000000
 [35,25]=0.000001, 1.000000
 [35,26]=0.000001, 1.000000
 [35,27]=0.000000, 1.000000
 [35,28]=0.000018, 1.051729
 [35,29]=0.000001, 1.000000
 [35,30]=0.009907, 27.688888
 [35,31]=0.000056, 1.000000
 [35,32]=0.790137, 100.000000
 [35,33]=0.000002, 1.000000
 [35,34]=0.000000, 1.000000
 [35,35]=1.000000, 1.000000
 [35,36]=0.000005, 1.007780
 [35,37]=0.000579, 5.959585
 [35,38]=0.000017, 1.145439
 [35,39]=0.000009, 1.000000
 [35,40]=0.006544, 99.598878
 [36,0]=0.004162, 27.342808
 [36,1]=0.030987, 33.361305
 [36,2]=0.647109, 100.000000
 [36,3]=0.000059, 1.000000
 [36,4]=0.000072, 1.126781
 [36,5]=0.000213, 1.000000
 [36,6]=0.000022, 1.000000
 [36,7]=0.000028, 1.000000
 [36,8]=0.000160, 2.466726
 [36,9]=0.000043, 1.000000
 [36,10]=0.000009, 1.000000
 [36,11]=0.000008, 1.084091
 [36,12]=0.000010, 1.000000
 [36,13]=0.000003, 1.000000
 [36,14]=0.000013, 1.000000
 [36,15]=0.000009, 1.000000
 [36,16]=0.000019, 1.406451
 [36,17]=0.000006, 1.000000
 [36,18]=0.000005, 1.000000
 [36,19]=0.000011, 1.000000
 [36,20]=0.190072, 100.000000
 [36,21]=0.000004, 1.000000
 [36,22]=0.000002, 1.000000
 [36,23]=0.000005, 1.000000
 [36,24]=0.000004, 1.000000
 [36,25]=0.000596, 5.586281
 [36,26]=0.000017, 1.179965
 [36,27]=0.000003, 1.021807
 [36,28]=0.000001, 1.000000
 [36,29]=0.000026, 1.000000
 [36,30]=0.000002, 1.000000
 [36,31]=0.000022, 1.000000
 [36,32]=0.001101, 43.419949
 [36,33]=0.124341, 64.544280
 [36,34]=0.000006, 1.000000
 [36,35]=0.000003, 1.007780
 [36,36]=1.000000, 1.000000
 [36,37]=0.000008, 1.042375
 [36,38]=0.000627, 2.828697
 [36,39]=0.000210, 1.824605
 [36,40]=0.000002, 1.076593
 [37,0]=0.064524, 100.000000
 [37,1]=0.000005, 1.000000
 [37,2]=0.000011, 1.035123
 [37,3]=0.000005, 1.000000
 [37,4]=0.000010, 1.000000
 [37,5]=0.000013, 1.000000
 [37,6]=0.000006, 1.000000
 [37,7]=0.000016, 1.000000
 [37,8]=0.000046, 1.000000
 [37,9]=0.000063, 1.000000
 [37,10]=0.000056, 1.000000
 [37,11]=0.818372, 100.000000
 [37,12]=0.005778, 7.394394
 [37,13]=0.040423, 32.821248
 [37,14]=0.000046, 1.000000
 [37,15]=0.000005, 1.000000
 [37,16]=0.000014, 1.027525
 [37,17]=0.000020, 1.000000
 [37,18]=0.064497, 72.456334
 [37,19]=0.000526, 2.327728
 [37,20]=0.000015, 1.000000
 [37,21]=0.000081, 1.000000
 [37,22]=0.000127, 1.663553
 [37,23]=0.000006, 1.023627
 [37,24]=0.000041, 1.000000
 [37,25]=0.000002, 1.000000
 [37,26]=0.000003, 1.000000
 [37,27]=0.000002, 1.000000
 [37,28]=0.001636, 13.268729
 [37,29]=0.000003, 1.000000
 [37,30]=0.001810, 8.743988
 [37,31]=0.000027, 1.000000
 [37,32]=0.000023, 1.223117
 [37,33]=0.000004, 1.000000
 [37,34]=0.000061, 8.028990
 [37,35]=0.000375, 5.959585
 [37,36]=0.000008, 1.042375
 [37,37]=1.000000, 1.000000
 [37,38]=0.000513, 7.574061
 [37,39]=0.000026, 1.000000
 [37,40]=0.000799, 7.439625
 [38,0]=0.079955, 75.268317
 [38,1]=0.002142, 12.362285
 [38,2]=0.001408, 3.379647
 [38,3]=0.000034, 1.000000
 [38,4]=0.000056, 1.000000
 [38,5]=0.004248, 7.753474
 [38,6]=0.000021, 1.000000
 [38,7]=0.000048, 1.031652
 [38,8]=0.075258, 31.391664
 [38,9]=0.257032, 71.238981
 [38,10]=0.000038, 1.000000
 [38,11]=0.001145, 11.973093
 [38,12]=0.000041, 1.102728
 [38,13]=0.000011, 1.074879
 [38,14]=0.000033, 1.000000
 [38,15]=0.000010, 1.000000
 [38,16]=0.000018, 1.000000
 [38,17]=0.000012, 1.000000
 [38,18]=0.000014, 1.000000
 [38,19]=0.000051, 1.000000
 [38,20]=0.414856, 65.158016
 [38,21]=0.000019, 1.260580
 [38,22]=0.000006, 1.000000
 [38,23]=0.000007, 1.000000
 [38,24]=0.000011, 1.000000
 [38,25]=0.000018, 1.000000
 [38,26]=0.000011, 1.000000
 [38,27]=0.000004, 1.000000
 [38,28]=0.000004, 1.000000
 [38,29]=0.000016, 1.061744
 [38,30]=0.000007, 1.000000
 [38,31]=0.003462, 11.192948
 [38,32]=0.007402, 72.470662
 [38,33]=0.023352, 67.244861
 [38,34]=0.000006, 1.000000
 [38,35]=0.000013, 1.145439
 [38,36]=0.000766, 2.828697
 [38,37]=0.000584, 7.574061
 [38,38]=1.000000, 1.000000
 [38,39]=0.127875, 54.046800
 [38,40]=0.000007, 1.054887
 [39,0]=0.298088, 100.000000
 [39,1]=0.000359, 3.433361
 [39,2]=0.000301, 1.261593
 [39,3]=0.000053, 1.000000
 [39,4]=0.000204, 1.284214
 [39,5]=0.342303, 82.741807
 [39,6]=0.000046, 1.107230
 [39,7]=0.000134, 1.000000
 [39,8]=0.007097, 19.866768
 [39,9]=0.256576, 99.202463
 [39,10]=0.000015, 1.000000
 [39,11]=0.000018, 1.032610
 [39,12]=0.000042, 1.000000
 [39,13]=0.000008, 1.000000
 [39,14]=0.000139, 1.665161
 [39,15]=0.000018, 1.000000
 [39,16]=0.000041, 1.056253
 [39,17]=0.000042, 1.639732
 [39,18]=0.000016, 1.000000
 [39,19]=0.000024, 1.015848
 [39,20]=0.000243, 2.064889
 [39,21]=0.000007, 1.000000
 [39,22]=0.000006, 1.000000
 [39,23]=0.000013, 1.000000
 [39,24]=0.000016, 1.000000
 [39,25]=0.000019, 1.000000
 [39,26]=0.000017, 1.000000
 [39,27]=0.000066, 4.986557
 [39,28]=0.000003, 1.000000
 [39,29]=0.000026, 1.205162
 [39,30]=0.000005, 1.017017
 [39,31]=0.000024, 1.000000
 [39,32]=0.000005, 1.088994
 [39,33]=0.000075, 1.759961
 [39,34]=0.000011, 1.061744
 [39,35]=0.000005, 1.000000
 [39,36]=0.000188, 1.824605
 [39,37]=0.000022, 1.000000
 [39,38]=0.093718, 54.046800
 [39,39]=1.000000, 1.000000
 [39,40]=0.000007, 1.000000
 [40,0]=0.009389, 39.601528
 [40,1]=0.000005, 1.000000
 [40,2]=0.000007, 1.000000
 [40,3]=0.000006, 1.000000
 [40,4]=0.000011, 1.000000
 [40,5]=0.000010, 1.000000
 [40,6]=0.000010, 1.000000
 [40,7]=0.000023, 1.000000
 [40,8]=0.000014, 1.000000
 [40,9]=0.000023, 1.000000
 [40,10]=0.000013, 1.000000
 [40,11]=0.000064, 1.253883
 [40,12]=0.000290, 1.815893
 [40,13]=0.000455, 2.035413
 [40,14]=0.001853, 8.313532
 [40,15]=0.000014, 1.000000
 [40,16]=0.000037, 1.051286
 [40,17]=0.000100, 1.000000
 [40,18]=0.166870, 41.064450
 [40,19]=0.000670, 9.686724
 [40,20]=0.000007, 1.000000
 [40,21]=0.000021, 1.000000
 [40,22]=0.375476, 72.008255
 [40,23]=0.000602, 8.758055
 [40,24]=0.426162, 100.000000
 [40,25]=0.000003, 1.000000
 [40,26]=0.000006, 1.000000
 [40,27]=0.000022, 1.855139
 [40,28]=0.007336, 18.367417
 [40,29]=0.000004, 1.000000
 [40,30]=0.000101, 1.837428
 [40,31]=0.000008, 1.000000
 [40,32]=0.000025, 2.700697
 [40,33]=0.000003, 1.009620
 [40,34]=0.000008, 1.017038
 [40,35]=0.008682, 99.598878
 [40,36]=0.000005, 1.076593
 [40,37]=0.001637, 7.439625
 [40,38]=0.000012, 1.054887
 [40,39]=0.000017, 1.000000
 [40,40]=1.000000, 1.000000