Rastragin [-5.12, 5.12]
iteration: 299
imporvisations: 500
HMS: 25
HMCR: 0.95
Pitch Adjust Radius: 1.0
Pitch Adjust Ratio(PAR): 0.7
x			y			f(x,y)
0.018936238183427045	-0.03610080042995434	-19.671486895242573
-0.017949216373694732	-0.041186990212533914	-19.601469080127252
0.04014447651930264	-0.03610080042995434	-19.424501594504743
-0.04080056185089309	-0.03610080042995434	-19.414078239778732
0.053267593781884504	-0.041186990212533914	-19.107602405954545
0.010718871357282778	-0.9955959368859069	-18.982174873107702
-0.017949216373694732	0.9775545742514351	-18.881256730466045
-0.017949216373694732	0.07867614633571907	-18.732796135608254
0.995050138314979	-0.041186990212533914	-18.670357832367753
0.04014447651930264	-0.9808483237685273	-18.64758159790258
0.04014447651930264	0.07652519185252005	-18.542252984570027
0.018936238183427045	-0.9461469868164152	-18.46672475940506
0.018936238183427045	1.0441258875176007	-18.456859660717157
-1.028562852645048	-0.041186990212533914	-18.446769093352536
-0.04080056185089309	-0.08334794072459739	-18.324383365468524
0.010718871357282778	-0.09625124922862693	-18.19431072006512
0.08720646056827697	-0.041186990212533914	-18.193737487298918
0.05043143410009132	-0.08334794072459739	-18.152458345602437
1.0160574438950594	0.07867614633571907	-17.713420161418448
1.0559210626490918	0.06635480535182192	-17.41308149048251
0.08720646056827697	-0.9571770471724497	-17.25243092898541
1.0559210626490918	0.07867614633571907	-17.07072308953186
0.9348614716452923	-0.9571770471724497	-17.024132028467818
1.0559210626490918	-0.9571770471724497	-16.998089475737352
0.010718871357282778	0.8921470996050609	-16.971709175794786
