Rastragin [-5.12, 5.12]
iteration: 0
imporvisations: 500
HMS: 75
HMCR: 0.95
Pitch Adjust Radius: 1.0
Pitch Adjust Ratio(PAR): 0.7
x			y			f(x,y)
1.1302197252993187	1.0824010106904778	-13.075807065724689
2.9096883848656345	-0.0199354629847992	-9.887742435820018
0.21520670553014654	1.096602253729647	-9.133706444580348
-2.9943247343394184	0.10222777620885015	-9.024316474961172
-2.142027156805608	-0.897133596863771	-8.86545884871655
0.12739540995171783	2.1821989086453675	-6.31800228008958
-3.104471911679933	-0.11804940546032938	-5.643196229380726
3.0876914537003275	-1.9609022904568771	-4.8409085847331195
-0.871957940138361	-1.2933895969328195	-1.8088589985862784
1.265673465011913	1.1620238552397222	-1.315040110167311
-3.8597920558100522	1.0157672556199042	-0.3853566690158683
-1.8476676560481384	3.134475111952482	0.8423210885070409
3.8941576776666027	-1.976561553620967	1.31050151134938
-4.0613464160842945	-1.1373273229538903	2.019031389115436
-0.09377555156154571	2.3649199949772575	3.8971834738008084
2.5956414599869007	1.0237641308789227	6.1447989897607265
1.0611442778387774	5.058543396958728	8.112764637466823
3.0516120966357763	3.222311505849995	8.485893784531399
-2.9212084164450642	-0.5826810043089656	8.754258531791598
-3.075312135884685	4.088681626574714	8.7863430256799
0.9142501493059978	-5.079496156858036	9.2755190214356
2.1742817320899057	4.1096939335135785	9.319639134727922
-1.2475541387003442	-4.08192257677596	9.360577842514061
1.2246662903411734	0.5247439925505031	10.069500075142393
3.1401037840233093	4.04762723351755	10.31874748364232
1.446832160780887	0.7782517995403442	10.380372199497774
-2.546575944656942	2.031935548987792	10.389293624144276
-0.9678727801704019	3.6023495014155573	12.11926927399061
-4.003042462278702	1.6885730961890317	12.641910757502336
-0.8171399635893133	-2.480560619720401	12.651883464657676
1.7849416659819743	3.788853566290224	12.946507356662018
0.15241244116344888	-3.6609202328875066	12.98037348297006
-4.762932167781933	1.0518960720982786	13.507273166988991
-2.3100321798528864	-0.33674571918038776	14.317289798845866
4.082632626373315	3.908371189097415	14.873070229360344
3.5576411188595953	1.122075883923138	16.06738493339471
-4.697636691482131	-1.0417184765360465	16.725600114013222
2.5955251801282717	-1.769523513561654	16.89655321138247
-0.6884605546897182	3.7754455615455553	16.906983518195005
-0.446500675650749	-3.2030478937237445	16.991724757862812
0.8827598972299988	4.350383606480359	18.195146229542402
0.5887794052700022	0.45216554958102595	18.586969217207823
-1.6392530471727218	-1.614178448201899	19.23820151463416
-0.6352315933869503	1.5092830119956853	19.26664554023798
4.274738257251225	-2.1695182092427854	19.684253650539684
-0.04322332426629494	-4.528359655598755	20.716090334411746
2.5988839838958215	-3.993514244237417	20.841843146305308
-1.0283538495833922	4.578462382858267	20.9873016921104
-0.9532211720724151	4.559146151772452	21.440668956828812
-2.464813673670724	-4.061331972215646	23.05969975180342
4.446826836355471	2.0262916024720212	23.46333206792399
-4.847748944445531	3.9655407052418683	23.696817850983415
-1.913312655006115	4.620911679285276	23.710974907152686
4.25330787474921	-4.002894544381223	24.323271329559002
4.6592812648052115	-1.849356620081609	24.680264118606775
1.5809489599072606	-2.6318019107188535	24.922469763575968
3.709398023957232	-1.4097027130570905	26.703667192078544
4.6315590094927925	-2.9679207573368935	27.236074848799163
-4.295854452752187	0.6551940895328929	27.335813873046117
-3.4576926518152153	-3.1812884099001693	27.54059006268344
-2.7533958801932763	3.614411501798016	27.957318436136198
-1.5759653363026689	4.239574381473626	28.685430363565764
-0.35563318806969857	4.7331187163456	29.748040113089132
1.3691225804979936	-4.768517816681116	30.257552739911677
-5.0653238466306085	4.9911258592008965	31.414937543630796
-4.77374770548239	1.4230928175554673	32.18230287263419
4.8964460189643715	-4.845168958936024	33.8643254128189
-4.592442887017581	-4.0375713813421505	36.02990636335614
4.558198636969114	-3.18798481579395	36.480582359036305
3.693899962307376	-4.783909229462823	37.86851633985698
4.693468942931788	2.445501849218175	40.9063050352246
-4.772515391026283	-3.580381667296442	42.93755507422263
3.5174910306910645	3.5041761585293854	44.58822270172025
4.403693009534364	-3.455606896274812	49.17160550013068
3.4817115105320378	4.3963292954951045	49.33654263845822
