Rastragin [-5.12, 5.12]
iteration: 99
imporvisations: 500
HMS: 75
HMCR: 0.95
Pitch Adjust Radius: 1.0
Pitch Adjust Ratio(PAR): 0.7
x			y			f(x,y)
-0.07034440295156053	1.0824010106904778	-16.551890482544273
0.9128155781967913	1.0237641308789227	-16.544152837843882
0.12739540995171783	-1.0054323843404347	-15.930897189237847
1.1302197252993187	0.971332619577419	-14.452734504802667
1.1347397737426745	1.0157672556199042	-14.25692422213423
1.1302197252993187	1.0824010106904778	-13.075807065724689
1.1347397737426745	-0.12392165842319947	-12.441198162561582
0.0381805804954265	-1.8204998577940288	-10.684139984989196
2.9096883848656345	-0.0199354629847992	-9.887742435820018
1.0611442778387774	-1.2091725647128635	-9.220153210942627
0.21520670553014654	1.096602253729647	-9.133706444580348
-2.9943247343394184	0.10222777620885015	-9.024316474961172
-2.142027156805608	-0.897133596863771	-8.86545884871655
-1.0720796208866537	2.918750273926902	-8.048375224521116
-3.0610589516424516	-1.0705248510157972	-7.791140646977681
-0.007515700877872122	-2.845212672177929	-7.525441287247405
1.7534732723078463	-0.006525227469886152	-7.13510021793525
1.9455246496045107	-1.8204998577940288	-6.606826814781293
0.12739540995171783	2.1821989086453675	-6.31800228008958
0.9128155781967913	0.730284119653372	-5.934578641188926
-3.104471911679933	-0.11804940546032938	-5.643196229380726
3.0876914537003275	-1.9609022904568771	-4.8409085847331195
-2.0982776386892876	-3.01939136083607	-4.559678794635494
-0.8156719590925943	-1.8204998577940288	-4.31684068165605
3.0876914537003275	-2.0628964643928764	-3.9599635993235553
3.0876191094437555	2.0697729714041	-3.7594719280521405
-0.871957940138361	3.1315845533284907	-3.140053357861258
-1.7758800188475297	-2.1051122463817444	-1.9309110522066277
-0.871957940138361	-1.2933895969328195	-1.8088589985862784
1.1302197252993187	0.31259669716012595	-1.6278404627598992
-0.11499548723664432	3.9673221027646632	-1.5383848876137467
2.9422695237813015	-2.158678998780681	-1.4606293746193995
1.265673465011913	1.1620238552397222	-1.315040110167311
3.8941576776666027	-1.0514336180009198	-1.081369456795957
-0.8171399635893133	-2.2101873452879324	-1.0173654265178724
-3.8597920558100522	1.0157672556199042	-0.3853566690158683
-1.3143386993830073	1.925180587635933	0.4519070789559141
0.9426415076207797	-1.6421816437794277	0.49577906671870586
-1.8476676560481384	3.134475111952482	0.8423210885070409
2.1742817320899057	-3.0839916409155252	1.0189369752006492
3.8941576776666027	-1.976561553620967	1.31050151134938
0.8340650894941533	-1.3204770639341283	1.684455239829738
-4.0613464160842945	-1.1373273229538903	2.019031389115436
4.082632626373315	1.122075883923138	2.0449779174793914
2.121893981091751	3.1634657059965035	2.1290859618294213
-2.3036078701343623	1.9699261035152522	2.670168379584318
-0.09377555156154571	2.3649199949772575	3.8971834738008084
-0.9532211720724151	3.7754455615455553	3.999474815499873
-0.2758915488778839	2.217736559583982	4.600803345648165
3.755967304724911	1.0157672556199042	4.813257341811003
0.5015221836211285	0.1626444832862961	5.0602772684883455
1.0225674576106167	2.6224387184084854	5.207132570137313
0.20037458969302646	2.7333804680606946	5.486080824996304
-2.070982613056345	2.6915176368377605	6.10384508973896
2.5956414599869007	1.0237641308789227	6.1447989897607265
-0.07034440295156053	-2.5773958062595383	6.449599567196939
3.9442835197576986	3.078131506010867	6.8197829440807
2.5955251801282717	1.0940166424368725	7.880459836155101
1.0611442778387774	5.058543396958728	8.112764637466823
2.1742817320899057	0.4000377375614119	8.399024823017218
3.0516120966357763	3.222311505849995	8.485893784531399
-2.9212084164450642	-0.5826810043089656	8.754258531791598
-3.075312135884685	4.088681626574714	8.7863430256799
0.9142501493059978	-5.079496156858036	9.2755190214356
2.1742817320899057	4.1096939335135785	9.319639134727922
-1.2475541387003442	-4.08192257677596	9.360577842514061
3.8941576776666027	-2.2101873452879324	9.70489469660466
3.8941576776666027	-2.845212672177929	9.75881676734652
1.2246662903411734	0.5247439925505031	10.069500075142393
3.1401037840233093	4.04762723351755	10.31874748364232
1.446832160780887	0.7782517995403442	10.380372199497774
-2.546575944656942	2.031935548987792	10.389293624144276
3.7105539520766033	1.9369827403738982	10.746975101395929
0.8340650894941533	2.4910827367700783	11.845700961719421
-0.9678727801704019	3.6023495014155573	12.11926927399061
