Ackley [-0.5, 0.5]
iteration: 99
imporvisations: 500
HMS: 100
HMCR: 0.95
Pitch Adjust Radius: 1.0
Pitch Adjust Ratio(PAR): 0.7
x			y			f(x,y)
-0.012308045474768603	-0.01545783745015894	20.010447480728818
-0.03720827402350824	-0.018725952174366123	20.045977365482354
0.04519868860936371	-0.01545783745015894	20.06017038740641
0.04175124922028728	0.05288586721708666	20.118200576843876
0.04831918766511356	1.0628469189832952	20.16174116175232
0.0314974673919971	0.9239505421184678	20.173010717699817
0.0784832858719221	-0.05708582339644974	20.237411890464635
0.08208737004594113	-0.05513977216571664	20.245736720388663
0.024489309769840983	-0.09746846552068167	20.25073511524846
1.0638956938798343	-0.07825224949397869	20.25617820532087
-0.06544278973032225	0.08326843838236786	20.27964871783067
0.0045659972852839514	0.12827306367956004	20.387969112381228
-0.02632789791381729	-0.13269681254259957	20.426744141549346
0.12220051343727367	0.06048489629836029	20.43858474155471
-0.048547847919103715	-0.13269681254259957	20.463694655754367
-0.06948988638140807	0.12220816374070764	20.46408413162115
-0.9159944100367529	-0.11367873740309542	20.47095718361692
0.12771475368043872	0.0878520802844468	20.551565753065958
0.13850535148143917	0.0878520802844468	20.605391150891172
0.12309871741028422	-0.11786017640012958	20.649821103229563
0.04519868860936371	0.1693722779143847	20.658550811592022
1.166560545718073	1.0628469189832952	20.680605185236086
0.1751007809516999	1.0628785375631153	20.728158781967117
-0.16298302297698808	0.0878520802844468	20.73313011693112
0.15971024318016558	0.10410455371333804	20.772863616940594
-0.19080593445800953	0.08593228342062265	20.876785360326462
-0.07841969882319733	0.19559944301765886	20.88130840802215
-0.19777408394073148	0.9249079365214001	20.884251859015983
-0.1895636236861895	0.09983318828935384	20.914018220070698
0.9378199598322704	-0.7900851956631719	20.919827361366092
0.21583930983316146	-0.04762369070787986	20.924584651859107
-0.18093378446465103	0.12059849025988345	20.94394582822444
0.8782195388956672	0.18681818862440458	20.978166375139015
1.2352339727821509	0.01300252922041345	20.994268959647478
1.2352339727821509	0.031093080220614078	21.007738770008185
0.21756608286875845	0.08369968320296473	21.01317725687478
0.12771475368043872	0.19559944301765886	21.04453039356666
-0.06452152630007146	0.23610394420188985	21.064487038423398
-0.06452152630007146	0.23663277704713093	21.067222278120074
-0.14521015957355232	0.18681818862440458	21.07079589188224
0.13744302785214046	-0.1969597836626057	21.08853690262475
-0.07841969882319733	0.7644907181694521	21.092507016812952
0.8463529475451838	-0.1858141178167828	21.100960940005358
-0.2338944136375798	0.0878520802844468	21.1082531549367
0.06574323459608511	0.7480984975596955	21.146874835243526
0.15596244316418906	0.19369903705670888	21.1472312879378
-0.16298302297698808	-0.19333671521823503	21.174507472993163
0.201878874800286	0.1583368093049261	21.19450126807057
-0.10454959330872726	0.2426702397025654	21.19789899859323
-0.15201225450726763	-0.20892331322887914	21.201830065403374
0.0045659972852839514	-0.2771001688419438	21.203809058879237
0.2792772956380404	0.01300252922041345	21.216168738294822
0.2800537230732475	0.023846027720705987	21.22564853760585
0.08208737004594113	-0.2633672229528691	21.236846324587187
-0.15201225450726763	-0.21944109131148015	21.24988713151496
0.24709869454784772	0.11709521107017196	21.256312439410017
-0.7310596379829885	0.08369968320296473	21.26609069392886
0.13850535148143917	0.23663277704713093	21.278832101639274
-0.07886678874451414	-0.7194410913114802	21.30707892132342
0.10300170960204968	-0.2708417987412983	21.322290883179498
0.7588853321493803	0.14767130040065612	21.330538143826654
0.7448326483319494	-0.15304152378580904	21.408476885624083
0.08208051061063337	0.6923837391585249	21.424087766847776
-0.07841969882319733	-0.31285970730693013	21.43664480417079
-0.19777408394073148	-0.2233949775838442	21.441506976975376
-0.34256954482772806	0.023846027720705987	21.47257348757298
0.3423010368377227	0.9700948224371275	21.475676068567378
-0.07000068453900932	-0.32828871800985016	21.47685577280092
-0.34798169170715965	-0.006483071315716571	21.48355983340581
0.04175124922028728	0.3417681608433426	21.484224729955567
0.201878874800286	-0.23628311874470065	21.50670385174955
-0.0580356101125149	0.3440269572396263	21.510704142648347
-0.34798169170715965	0.06048489629836029	21.52633744589668
0.30870216841539233	0.12566659378748712	21.530836478351475
-0.151990739884451	-0.2900851956631719	21.539824855574352
-0.02254518092934754	0.3678854887956531	21.547594763758884
-0.0374764538298632	0.36453922483715095	21.548714925746914
-0.1607248356790284	0.28749657836770326	21.557288745839585
-0.023473544078569386	0.37270557080638367	21.560910035171243
-0.24537675770933853	-0.2077208582089971	21.561329268456785
0.04519868860936371	0.6328648820231444	21.56303410895669
0.09388999966906308	-0.3416631906950739	21.56434441257369
-0.22072747402365445	-0.23628311874470065	21.574335169661413
0.15906825619072174	0.29748430756646016	21.586936780547635
-0.3468635954393766	0.09942982874633566	21.591129733675203
0.12220051343727367	-0.33392897910707053	21.6041243948096
-0.38295596410526833	-0.05708582339644974	21.615978113850094
0.305896259661418	-0.16306639690368918	21.626604910490112
0.8099720303745842	0.2824398861294831	21.631987871139952
0.5938899996690631	0.023846027720705987	21.636177048904127
0.4024352732589562	0.9635361727098676	21.637184392462892
0.3099720303745842	-0.16306639690368918	21.63958909237147
-0.19777408394073148	0.2824398861294831	21.65651416951466
-0.10842313519864599	-0.6346936699053841	21.65960677730173
0.25133851445580635	0.23610394420188985	21.6781002593982
0.4351741653648804	-0.01545783745015894	21.67897994372611
0.2698931708909841	-0.21791331657751722	21.67977059848421
-0.43971363764395355	0.01300252922041345	21.68392894029447
0.6053660505336561	0.8999048978404135	21.708270869676866
0.06718431602760022	-0.43701069855370966	21.72350858855494
