Ackley [-0.5, 0.5]
iteration: 199
imporvisations: 500
HMS: 100
HMCR: 0.95
Pitch Adjust Radius: 1.0
Pitch Adjust Ratio(PAR): 0.7
x			y			f(x,y)
-0.012308045474768603	-0.01545783745015894	20.010447480728818
-0.03720827402350824	-0.018725952174366123	20.045977365482354
0.04519868860936371	-0.01545783745015894	20.06017038740641
0.04175124922028728	0.05288586721708666	20.118200576843876
-0.0648258346351196	0.031093080220614078	20.13365039926309
0.04519868860936371	1.0569672590788186	20.13700721851834
0.04831918766511356	1.0628469189832952	20.16174116175232
0.0314974673919971	0.9239505421184678	20.173010717699817
-0.057237298089187094	-0.0653823247772718	20.192849989930508
0.0784832858719221	-0.05708582339644974	20.237411890464635
0.08208737004594113	-0.05513977216571664	20.245736720388663
0.024489309769840983	-0.09746846552068167	20.25073511524846
1.0638956938798343	-0.07825224949397869	20.25617820532087
-0.06544278973032225	0.08326843838236786	20.27964871783067
-0.08493957405494035	0.0878520802844468	20.364063568559008
-0.0374764538298632	0.12059849025988345	20.38004566459586
0.08208051061063337	-1.0954263168936502	20.383885808838436
0.0045659972852839514	0.12827306367956004	20.387969112381228
-0.02632789791381729	-0.13269681254259957	20.426744141549346
0.12220051343727367	0.06048489629836029	20.43858474155471
-0.048547847919103715	-0.13269681254259957	20.463694655754367
-0.06948988638140807	0.12220816374070764	20.46408413162115
-0.9159944100367529	-0.11367873740309542	20.47095718361692
0.12400270522037793	0.9239505421184678	20.493277942778136
-0.03565701553265577	1.148449183598217	20.525164147618842
1.122298796000199	0.9080077784123335	20.54055820772981
0.12771475368043872	0.0878520802844468	20.551565753065958
0.13850535148143917	0.0878520802844468	20.605391150891172
0.12309871741028422	-0.11786017640012958	20.649821103229563
0.04519868860936371	0.1693722779143847	20.658550811592022
1.166560545718073	1.0628469189832952	20.680605185236086
0.1751007809516999	1.0628785375631153	20.728158781967117
-0.16298302297698808	0.0878520802844468	20.73313011693112
-0.0374764538298632	0.18681818862440458	20.745349153357814
0.15971024318016558	0.10410455371333804	20.772863616940594
-0.13405240113271288	1.1383731770618342	20.792145018849794
-0.151990739884451	0.8802956013977058	20.795199082318113
0.15339261879091493	0.13240149331990603	20.855745998357268
-0.19080593445800953	0.08593228342062265	20.876785360326462
-0.07841969882319733	0.19559944301765886	20.88130840802215
-0.19777408394073148	0.9249079365214001	20.884251859015983
-0.1895636236861895	0.09983318828935384	20.914018220070698
0.9378199598322704	-0.7900851956631719	20.919827361366092
0.21583930983316146	-0.04762369070787986	20.924584651859107
-0.18093378446465103	0.12059849025988345	20.94394582822444
0.201878874800286	0.9080077784123335	20.954145091071684
0.8782195388956672	0.18681818862440458	20.978166375139015
0.007976308659493836	0.23481978998103503	20.99023810558596
1.2352339727821509	0.01300252922041345	20.994268959647478
1.2352339727821509	0.031093080220614078	21.007738770008185
0.21756608286875845	0.08369968320296473	21.01317725687478
-0.019963296433982092	1.240827434587776	21.028038831918224
0.20961142116672504	0.10594346683938993	21.038303486565404
0.12771475368043872	0.19559944301765886	21.04453039356666
-0.06452152630007146	0.23610394420188985	21.064487038423398
0.06574323459608511	0.23610394420188985	21.067010823855405
-0.06452152630007146	0.23663277704713093	21.067222278120074
-0.13405240113271288	0.19559944301765886	21.06877061876086
-0.14521015957355232	0.18681818862440458	21.07079589188224
0.9686959362430789	-0.24885745416891425	21.079507077899287
0.13744302785214046	-0.1969597836626057	21.08853690262475
-0.07841969882319733	0.7644907181694521	21.092507016812952
0.8762200177183525	-0.20892331322887914	21.095938681740034
0.8463529475451838	-0.1858141178167828	21.100960940005358
-0.2338944136375798	0.0878520802844468	21.1082531549367
1.742190917998723	-0.006483071315716571	21.110167732173316
0.19883650753819093	0.14767130040065612	21.13775181636944
0.7399811097685199	-0.03353553672952847	21.13818387042968
0.09388999966906308	-0.23825402185918054	21.146267383952644
0.06574323459608511	0.7480984975596955	21.146874835243526
0.15596244316418906	0.19369903705670888	21.1472312879378
-0.16298302297698808	-0.19333671521823503	21.174507472993163
-0.0374764538298632	1.2668871469134735	21.176021359053497
0.201878874800286	0.1583368093049261	21.19450126807057
-0.10454959330872726	0.2426702397025654	21.19789899859323
-0.15201225450726763	-0.20892331322887914	21.201830065403374
0.0045659972852839514	-0.2771001688419438	21.203809058879237
0.2792772956380404	0.01300252922041345	21.216168738294822
0.2800537230732475	0.023846027720705987	21.22564853760585
0.08208737004594113	-0.2633672229528691	21.236846324587187
-0.15201225450726763	-0.21944109131148015	21.24988713151496
0.24709869454784772	0.11709521107017196	21.256312439410017
-0.7310596379829885	0.08369968320296473	21.26609069392886
0.13850535148143917	0.23663277704713093	21.278832101639274
-0.298121125199714	0.002567346398938408	21.29772226943533
-0.07886678874451414	-0.7194410913114802	21.30707892132342
1.742190917998723	0.11810855047170576	21.307698879565937
0.09483944737703853	0.2733030410667562	21.312102657295057
0.10300170960204968	-0.2708417987412983	21.322290883179498
0.7588853321493803	0.14767130040065612	21.330538143826654
-0.02632789791381729	0.6891416032489894	21.359474374187563
0.007976308659493836	-0.3131818113755954	21.360227095464214
0.29266439356741614	0.0878520802844468	21.377428129302096
-0.19080593445800953	0.782856774728556	21.389587497709734
0.7448326483319494	-0.15304152378580904	21.408476885624083
-0.3129707543004122	1.0628469189832952	21.40986958871757
0.08208051061063337	0.6923837391585249	21.424087766847776
-0.8479816917071596	-0.7382540218591805	21.431850713158397
-0.07841969882319733	-0.31285970730693013	21.43664480417079
-0.19777408394073148	-0.2233949775838442	21.441506976975376
