Ackley [-0.5, 0.5]
iteration: 299
imporvisations: 500
HMS: 100
HMCR: 0.95
Pitch Adjust Radius: 1.0
Pitch Adjust Ratio(PAR): 0.7
x			y			f(x,y)
-0.012308045474768603	-0.01545783745015894	20.010447480728818
-0.03720827402350824	-0.018725952174366123	20.045977365482354
0.04519868860936371	-0.01545783745015894	20.06017038740641
0.04175124922028728	0.05288586721708666	20.118200576843876
-0.0648258346351196	0.031093080220614078	20.13365039926309
0.04519868860936371	1.0569672590788186	20.13700721851834
0.04831918766511356	1.0628469189832952	20.16174116175232
0.0314974673919971	0.9239505421184678	20.173010717699817
-0.057237298089187094	-0.0653823247772718	20.192849989930508
0.0784832858719221	-0.05708582339644974	20.237411890464635
0.08208737004594113	-0.05513977216571664	20.245736720388663
0.024489309769840983	-0.09746846552068167	20.25073511524846
1.0638956938798343	-0.07825224949397869	20.25617820532087
0.10300170960204968	0.024332865608938548	20.275685170050803
-0.06544278973032225	0.08326843838236786	20.27964871783067
-0.06544278973032225	0.9080077784123335	20.314362519774633
-0.08493957405494035	0.0878520802844468	20.364063568559008
0.9378199598322704	0.10594346683938993	20.36554931281623
-0.0374764538298632	0.12059849025988345	20.38004566459586
0.08208051061063337	-1.0954263168936502	20.383885808838436
0.0045659972852839514	0.12827306367956004	20.387969112381228
-0.02632789791381729	-0.13269681254259957	20.426744141549346
0.12220051343727367	0.06048489629836029	20.43858474155471
0.13850535148143917	0.9963087341187405	20.44282367107001
-0.048547847919103715	-0.13269681254259957	20.463694655754367
-0.06948988638140807	0.12220816374070764	20.46408413162115
-0.9159944100367529	-0.11367873740309542	20.47095718361692
0.12400270522037793	0.9239505421184678	20.493277942778136
-0.08712639688728807	-0.11786017640012958	20.501658007006018
0.02152932180315925	0.14767130040065612	20.50337159007408
0.10300170960204968	0.10594346683938993	20.510147624843196
-0.03565701553265577	1.148449183598217	20.525164147618842
1.122298796000199	0.9080077784123335	20.54055820772981
0.12771475368043872	0.0878520802844468	20.551565753065958
1.0171762278198466	0.15701171621159604	20.552279332659076
0.8460787060486448	-0.03353553672952847	20.552504370026043
0.13850535148143917	0.0878520802844468	20.605391150891172
0.09936812693448094	0.8677877723692572	20.616371752531496
0.8942899761589829	0.13087802870478538	20.634959304472872
0.12309871741028422	-0.11786017640012958	20.649821103229563
0.04519868860936371	0.1693722779143847	20.658550811592022
1.166560545718073	1.0628469189832952	20.680605185236086
0.8995060872239502	0.14767130040065612	20.697723074306346
0.1751007809516999	1.0628785375631153	20.728158781967117
-0.16298302297698808	0.0878520802844468	20.73313011693112
-0.19080593445800953	-0.0069009350870933295	20.741963145153804
0.09453036762551403	1.1608172957696787	20.744187452924727
-0.0374764538298632	0.18681818862440458	20.745349153357814
0.15971024318016558	0.10410455371333804	20.772863616940594
-0.13405240113271288	1.1383731770618342	20.792145018849794
-0.151990739884451	0.8802956013977058	20.795199082318113
1.2072376247812655	-0.010210550496684845	20.837471328718497
-0.18093378446465103	0.9080077784123335	20.8425310499041
0.15339261879091493	0.13240149331990603	20.855745998357268
0.9686959362430789	0.7900185273335045	20.86906762127055
-0.19080593445800953	0.08593228342062265	20.876785360326462
-0.07841969882319733	0.19559944301765886	20.88130840802215
-0.19777408394073148	0.9249079365214001	20.884251859015983
-0.1895636236861895	0.09983318828935384	20.914018220070698
0.9378199598322704	-0.7900851956631719	20.919827361366092
0.21583930983316146	-0.04762369070787986	20.924584651859107
-0.18093378446465103	0.12059849025988345	20.94394582822444
0.201878874800286	0.9080077784123335	20.954145091071684
0.8782195388956672	0.18681818862440458	20.978166375139015
0.04661753725081441	-0.227010563307383	20.983855195452172
-0.2338944136375798	-0.01681689002281772	20.988972190155703
0.007976308659493836	0.23481978998103503	20.99023810558596
1.2352339727821509	0.01300252922041345	20.994268959647478
-0.048547847919103715	0.7696916958382993	21.004634956458602
1.2352339727821509	0.031093080220614078	21.007738770008185
0.21756608286875845	0.08369968320296473	21.01317725687478
-0.0374764538298632	-0.7649369679451006	21.01414412988021
-0.019963296433982092	1.240827434587776	21.028038831918224
0.20961142116672504	0.10594346683938993	21.038303486565404
0.12771475368043872	0.19559944301765886	21.04453039356666
-0.06452152630007146	0.23610394420188985	21.064487038423398
0.06574323459608511	0.23610394420188985	21.067010823855405
-0.06452152630007146	0.23663277704713093	21.067222278120074
-0.13405240113271288	0.19559944301765886	21.06877061876086
-0.14521015957355232	0.18681818862440458	21.07079589188224
0.9686959362430789	-0.24885745416891425	21.079507077899287
0.13744302785214046	-0.1969597836626057	21.08853690262475
-0.07841969882319733	0.7644907181694521	21.092507016812952
-0.056170870149649166	1.2450346538147117	21.094466993696212
0.8762200177183525	-0.20892331322887914	21.095938681740034
0.8463529475451838	-0.1858141178167828	21.100960940005358
-0.2338944136375798	0.0878520802844468	21.1082531549367
1.742190917998723	-0.006483071315716571	21.110167732173316
0.09610658968876684	0.7686605746310858	21.118182114164057
0.9686959362430789	0.7408274345877759	21.131736405820668
0.19883650753819093	0.14767130040065612	21.13775181636944
0.7399811097685199	-0.03353553672952847	21.13818387042968
0.09388999966906308	-0.23825402185918054	21.146267383952644
0.06574323459608511	0.7480984975596955	21.146874835243526
0.15596244316418906	0.19369903705670888	21.1472312879378
0.023756693878106305	-0.2674322771002059	21.165909268049727
-0.16298302297698808	-0.19333671521823503	21.174507472993163
-0.0374764538298632	1.2668871469134735	21.176021359053497
1.2352339727821509	0.11383988686310431	21.190559289341316
0.201878874800286	0.1583368093049261	21.19450126807057
