Ackley [-0.5, 0.5]
iteration: 499
imporvisations: 500
HMS: 100
HMCR: 0.95
Pitch Adjust Radius: 1.0
Pitch Adjust Ratio(PAR): 0.7
x			y			f(x,y)
-0.012308045474768603	-0.01545783745015894	20.010447480728818
1.2174530257469396E-4	0.9779955545840758	20.012939002805123
-0.03720827402350824	-0.018725952174366123	20.045977365482354
0.04519868860936371	0.01300252922041345	20.05833897605433
0.04519868860936371	-0.01545783745015894	20.06017038740641
-0.034400137195013225	-0.03768206465864943	20.068659458163943
0.04175124922028728	0.05288586721708666	20.118200576843876
-0.06452152630007146	-0.02863449287122588	20.128945501624095
-0.0648258346351196	0.031093080220614078	20.13365039926309
0.04519868860936371	1.0569672590788186	20.13700721851834
0.04831918766511356	1.0628469189832952	20.16174116175232
0.0031200880762199956	0.9189683867360225	20.167278484414155
0.0314974673919971	0.9239505421184678	20.173010717699817
-0.057237298089187094	-0.0653823247772718	20.192849989930508
-0.08712639688728807	-0.04057916711401788	20.232050477901424
0.0784832858719221	-0.05708582339644974	20.237411890464635
0.08208737004594113	-0.05513977216571664	20.245736720388663
0.024489309769840983	-0.09746846552068167	20.25073511524846
1.0638956938798343	-0.07825224949397869	20.25617820532087
0.10300170960204968	0.024332865608938548	20.275685170050803
-0.06544278973032225	0.08326843838236786	20.27964871783067
-0.06544278973032225	0.9080077784123335	20.314362519774633
-0.08493957405494035	0.916707106612865	20.34673164652331
0.020030636454741235	0.8802956013977058	20.352367219262902
-0.08493957405494035	0.0878520802844468	20.364063568559008
0.9378199598322704	0.10594346683938993	20.36554931281623
0.12220051343727367	0.031093080220614078	20.378153311344796
-0.0374764538298632	0.12059849025988345	20.38004566459586
0.08208051061063337	-1.0954263168936502	20.383885808838436
0.0045659972852839514	0.12827306367956004	20.387969112381228
-0.02632789791381729	-0.13269681254259957	20.426744141549346
-0.1258966363078805	2.052634654118497	20.43762964092972
0.12220051343727367	0.06048489629836029	20.43858474155471
0.13850535148143917	0.9963087341187405	20.44282367107001
-0.048547847919103715	-0.13269681254259957	20.463694655754367
-0.06948988638140807	0.12220816374070764	20.46408413162115
-0.9159944100367529	-0.11367873740309542	20.47095718361692
0.12400270522037793	0.9239505421184678	20.493277942778136
-0.08712639688728807	-0.11786017640012958	20.501658007006018
0.02152932180315925	0.14767130040065612	20.50337159007408
0.10300170960204968	0.10594346683938993	20.510147624843196
0.909820998000239	0.8802956013977058	20.52152573661858
-0.03565701553265577	1.148449183598217	20.525164147618842
1.122298796000199	0.9080077784123335	20.54055820772981
-0.057237298089187094	0.8547269960804703	20.55031780713771
0.12771475368043872	0.0878520802844468	20.551565753065958
1.0171762278198466	0.15701171621159604	20.552279332659076
0.8460787060486448	-0.03353553672952847	20.552504370026043
0.04831918766511356	-0.15233743821054668	20.569171922577166
0.09485143605459723	0.8732328074741909	20.57270505435929
0.02858973434802814	0.8396940086343033	20.58202367411284
0.13850535148143917	0.0878520802844468	20.605391150891172
0.09936812693448094	0.8677877723692572	20.616371752531496
0.8942899761589829	0.13087802870478538	20.634959304472872
0.15971024318016558	0.06048489629836029	20.63695237911876
0.12309871741028422	-0.11786017640012958	20.649821103229563
0.8460787060486448	0.07689950390936529	20.65024349625168
0.04519868860936371	0.1693722779143847	20.658550811592022
0.8696683105892209	-0.11367873740309542	20.66528457785286
1.166560545718073	1.0628469189832952	20.680605185236086
0.9378199598322704	0.1693722779143847	20.694583735667123
0.8995060872239502	0.14767130040065612	20.697723074306346
0.1751007809516999	1.0628785375631153	20.728158781967117
-0.16298302297698808	0.0878520802844468	20.73313011693112
-0.19080593445800953	-0.0069009350870933295	20.741963145153804
0.09453036762551403	1.1608172957696787	20.744187452924727
-0.0374764538298632	0.18681818862440458	20.745349153357814
-1.1683877995596306	0.0878520802844468	20.762003422125726
0.15971024318016558	0.10410455371333804	20.772863616940594
-0.13405240113271288	1.1383731770618342	20.792145018849794
-1.1740511961077522	0.0878520802844468	20.79239186320269
1.166560545718073	0.09983318828935384	20.792937210582934
-0.151990739884451	0.8802956013977058	20.795199082318113
-0.18093378446465103	0.08095730218792296	20.808616141056856
-0.18093378446465103	0.0878520802844468	20.829423229891336
0.14017429214363786	0.1410585001529725	20.832330034162123
1.2072376247812655	-0.010210550496684845	20.837471328718497
-0.18093378446465103	0.9080077784123335	20.8425310499041
-1.1683877995596306	1.8860884978061006	20.854493844788223
0.15339261879091493	0.13240149331990603	20.855745998357268
-0.08712639688728807	1.1876338575668988	20.86328070551285
0.9686959362430789	0.7900185273335045	20.86906762127055
-0.19080593445800953	0.08593228342062265	20.876785360326462
-0.07841969882319733	0.19559944301765886	20.88130840802215
0.8696683105892209	1.1608172957696787	20.88289517396885
-0.19777408394073148	0.9249079365214001	20.884251859015983
-0.1895636236861895	0.09983318828935384	20.914018220070698
0.9378199598322704	-0.7900851956631719	20.919827361366092
0.21583930983316146	-0.04762369070787986	20.924584651859107
-0.18093378446465103	0.12059849025988345	20.94394582822444
0.201878874800286	0.9080077784123335	20.954145091071684
1.2325037286427543	0.9963087341187405	20.97682670658254
0.8782195388956672	0.18681818862440458	20.978166375139015
0.0314974673919971	0.7700085646386226	20.979936522405335
0.04661753725081441	-0.227010563307383	20.983855195452172
-0.2338944136375798	-0.01681689002281772	20.988972190155703
0.007976308659493836	0.23481978998103503	20.99023810558596
-0.18093378446465103	-0.13269681254259957	20.991464007171363
1.2352339727821509	0.01300252922041345	20.994268959647478
0.21756608286875845	-0.07825224949397869	20.998904185642694
